Name
Date of Birth,"Mar 27, 1959"
Recorded Date,2022-07-21 01:01:26 -0500
Classification,Sinus Rhythm
Symptoms,
Software Version,1.90
Device,"Watch4,2"
Sample Rate,510.227 hertz


Lead,Lead I
Unit,µV

-82.021
-101.019
-100.647
-66.748
3.451
103.304
217.777
334.95
454.312
575.325
695.557
803.62
876.825
901.7
875.639
807.039
716.13
616.708
514.876
412.691
307.118
198.599
91.762
-7.729
-94
-163.936
-217.048
-254.517
-278.407
-289.902
-290.137
-281.159
-265.061
-244.371
-221.869
-199.018
-177.045
-157.802
-142.726
-132.936
-129.125
-130.8
-136.793
-146.34
-158.313
-171.041
-183.21
-193.434
-200.686
-204.898
-206.462
-205.837
-203.844
-201.537
-199.609
-198.698
-199.219
-201.093
-204.078
-207.812
-211.773
-215.407
-218.404
-220.578
-221.816
-222.165
-221.669
-220.39
-218.484
-216.079
-213.208
-209.954
-206.435
-202.743
-199.024
-195.355
-191.684
-188.044
-184.552
-181.094
-177.308
-173.047
-168.347
-163.263
-158.264
-152.597
-144.013
-132.966
-121.456
-113.307
-115.442
-126.941
-140.79
-149.779
-143.489
-121.729
-94.337
-68.448
-51.938
-46.694
-44.818
-41.581
-36.149
-27.659
-21.173
-21.137
-23.564
-25.973
-24.344
-13.172
3.245
20.674
36.258
45.623
51.466
56.835
62.485
70.049
78.267
85.898
93.268
100.245
107.046
113.871
120.443
126.645
132.524
138.052
143.199
147.931
152.213
156.068
159.536
162.647
165.402
167.778
169.773
171.391
172.636
173.517
174.041
174.213
174.046
173.553
172.748
171.647
170.267
168.621
166.728
164.603
162.263
159.73
157.026
154.171
151.188
148.097
144.914
141.66
138.353
135.009
131.643
128.27
124.901
121.549
118.224
114.934
111.688
108.492
105.349
102.263
99.237
96.27
93.362
90.512
87.718
84.975
82.281
79.629
77.016
74.436
71.881
69.346
66.823
64.306
61.787
59.259
56.715
54.149
51.555
48.926
46.26
43.553
40.801
38.005
35.162
32.275
29.345
26.375
23.369
20.332
17.272
14.195
11.11
8.027
4.955
1.906
-1.108
-4.077
-6.988
-9.83
-12.59
-15.257
-17.818
-20.261
-22.574
-24.747
-26.767
-28.625
-30.309
-31.811
-33.123
-34.238
-35.15
-35.854
-36.346
-36.624
-36.688
-36.536
-36.171
-35.596
-34.814
-33.833
-32.659
-31.303
-29.775
-28.086
-26.25
-24.281
-22.192
-20
-17.717
-15.359
-12.942
-10.482
-7.995
-5.498
-3.007
-0.541
1.885
4.253
6.547
8.752
10.855
12.841
14.699
16.417
17.984
19.391
20.627
21.687
22.561
23.244
23.734
24.028
24.126
24.031
23.747
23.28
22.639
21.831
20.865
19.747
18.486
17.087
15.559
13.909
12.146
10.279
8.322
6.289
4.2
2.074
-0.074
-2.228
-4.376
-6.507
-8.61
-10.68
-12.718
-14.72
-16.68
-18.589
-20.426
-22.179
-23.852
-25.455
-27.004
-28.534
-30.074
-31.654
-33.323
-35.111
-37.035
-39.099
-41.272
-43.522
-45.841
-48.228
-50.702
-53.287
-55.97
-58.735
-61.576
-64.446
-67.301
-70.084
-72.691
-75.043
-77.116
-78.896
-80.42
-81.762
-82.951
-84.003
-84.937
-85.748
-86.465
-87.119
-87.701
-88.237
-88.789
-89.432
-90.322
-91.599
-93.323
-95.568
-98.396
-101.814
-105.854
-110.516
-115.748
-121.538
-127.908
-134.895
-142.569
-150.934
-159.988
-169.803
-180.325
-191.331
-202.449
-213.005
-222.235
-229.617
-234.508
-235.924
-233.429
-227.321
-218.228
-207.75
-196.834
-184.649
-172.395
-162.817
-159.53
-167.766
-185.375
-203.641
-212.368
-198.122
-157.624
-97.15
-22.605
53.594
126.312
202.319
285.552
385.406
507.864
641.997
772.529
879.056
938.329
939.49
883.984
779.031
638.422
479.581
314.827
159.23
31.205
-61.476
-115.823
-138.311
-147.963
-155.758
-166.084
-178.79
-185.823
-185.316
-181.113
-176.241
-174.79
-178.258
-184.869
-193.169
-202.324
-209.667
-212.786
-212.516
-209.125
-205.835
-207.004
-209.835
-212.475
-212.049
-204.296
-194.008
-185.14
-180.18
-183.02
-190.381
-198.97
-207.837
-214.874
-220.925
-227.148
-233.06
-238.612
-243.519
-247.371
-250.254
-252.258
-253.321
-253.422
-252.62
-251.007
-248.639
-245.57
-241.853
-237.522
-232.67
-227.419
-221.796
-215.823
-209.685
-203.545
-197.563
-191.891
-186.43
-181.058
-175.878
-170.974
-166.118
-161.049
-155.349
-148.673
-141.246
-133.107
-124.243
-114.909
-105.249
-95.885
-86.87
-76.373
-64.309
-52.503
-44.272
-47.089
-62.497
-82.977
-99.07
-97.147
-71.006
-30.776
10.101
37.539
41.755
29.236
12.03
-1
-2.236
6.799
18.928
30.703
39.49
44.823
49.246
53.497
57.324
60.862
63.694
65.651
67.081
68.11
68.707
68.948
68.852
68.357
67.433
66.047
64.142
61.701
58.747
55.282
51.303
46.821
41.844
36.383
30.453
24.069
17.24
9.978
2.302
-5.768
-14.209
-22.996
-32.102
-41.503
-51.171
-61.079
-71.2
-81.503
-91.961
-102.55
-113.247
-124.032
-134.881
-145.768
-156.668
-167.556
-178.41
-189.208
-199.923
-210.527
-220.996
-231.311
-241.468
-251.464
-261.282
-270.892
-280.252
-289.332
-298.102
-306.536
-314.597
-322.24
-329.436
-336.179
-342.49
-348.398
-353.909
-359.008
-363.659
-367.827
-371.504
-374.709
-377.47
-379.796
-381.696
-383.192
-384.338
-385.207
-385.828
-386.165
-386.119
-385.593
-384.534
-382.922
-380.766
-378.063
-374.781
-370.877
-366.318
-361.096
-355.197
-348.581
-341.156
-332.82
-323.536
-313.364
-302.443
-290.905
-278.835
-266.293
-253.324
-240.001
-226.409
-212.626
-198.704
-184.675
-170.596
-156.559
-142.701
-129.167
-116.042
-103.34
-91.019
-79.046
-67.423
-56.162
-45.276
-34.755
-24.592
-14.802
-5.428
3.483
11.908
19.849
27.336
34.403
41.053
47.266
53.001
58.23
62.938
67.113
70.746
73.818
76.321
78.27
79.697
80.641
81.132
81.195
80.842
80.09
78.965
77.498
75.723
73.671
71.373
68.861
66.175
63.364
60.475
57.546
54.606
51.677
48.784
45.956
43.23
40.645
38.23
36.01
34.016
32.287
30.862
29.779
29.053
28.663
28.595
28.844
29.405
30.284
31.485
32.976
34.728
36.708
38.872
41.208
43.716
46.383
49.188
52.087
55.029
58.061
61.292
64.729
68.248
71.56
74.356
76.594
78.514
80.36
82.169
84.025
86.263
89.633
95.038
102.79
112.339
122.691
133.181
143.344
152.567
159.81
163.724
163.63
160.061
154.369
147.583
140.3
133.047
126.548
121.937
120.018
120.622
122.827
125.922
129.606
133.725
138.162
142.302
145.295
146.914
147.449
147.23
146.591
145.646
144.242
142.869
142.628
144.199
147.943
153.712
160.67
168.332
176.653
184.886
191.591
195.287
194.353
188.017
176.716
160.815
140.464
116.476
90.492
65.166
44.307
31.559
29.668
41.233
68.961
115.217
181.866
268.07
369.272
479.824
593.454
706.841
821.479
937.59
1052.789
1158.451
1236.372
1267.131
1234.559
1131.224
965.084
756.876
537.284
339.271
188.628
97.335
60.931
64.297
88.82
121.042
153.162
180.094
199.846
208.29
204.705
194.297
180.742
169.071
161.359
154.063
146.227
137.93
129.573
123.655
120.874
120.295
121.151
122.301
122.716
121.831
119.306
114.981
109.001
101.728
93.429
84.318
74.644
64.653
54.597
44.738
35.293
26.393
18.153
10.675
4.026
-1.743
-6.618
-10.619
-13.793
-16.191
-17.865
-18.865
-19.237
-19.043
-18.361
-17.279
-15.893
-14.275
-12.479
-10.544
-8.498
-6.361
-4.142
-1.835
0.581
3.121
5.79
8.594
11.529
14.603
17.827
21.209
24.755
28.481
32.402
36.527
40.871
45.425
50.168
55.109
60.256
65.563
70.997
76.529
82.121
87.8
93.618
99.538
105.493
111.618
118.079
124.765
131.659
138.757
145.635
153.29
162.705
172.445
182.054
188.825
189.588
187.891
186.099
187.723
197.524
211.155
224.975
236.595
241.832
243.218
243.592
243.686
245.223
247.505
248.506
246.32
241.188
235.159
231.699
236.703
249.734
264.707
275.551
273.62
258.26
237.682
218.248
206.809
204.701
205.816
206.382
203.879
197.52
189.82
181.963
173.884
165.707
157.099
148.004
138.8
129.637
120.5
111.442
102.527
93.785
85.236
76.891
68.73
60.781
53.123
45.809
38.865
32.316
26.172
20.438
15.122
10.203
5.636
1.379
-2.608
-6.344
-9.823
-13.041
-16.001
-18.703
-21.159
-23.353
-25.238
-26.779
-27.946
-28.697
-28.991
-28.748
-27.841
-26.173
-23.688
-20.356
-16.206
-11.265
-5.554
0.839
7.767
15.059
22.489
29.879
37.128
44.053
50.38
55.954
60.69
64.532
67.557
69.644
70.405
69.705
67.671
64.169
58.948
51.75
42.11
30.238
17.144
3.44
-10.613
-24.416
-37.318
-48.503
-56.733
-61.845
-64.838
-66.307
-66.597
-66.169
-65.242
-64.39
-64.726
-66.495
-69.118
-72.266
-75.623
-78.987
-82.501
-86.033
-89.198
-91.91
-94.183
-95.987
-97.477
-98.893
-100.641
-103.149
-106.392
-110.278
-115.008
-120.457
-126.098
-130.846
-132.545
-130.295
-125.429
-118.837
-110.169
-95.802
-70.22
-32.873
10.581
48.071
66.019
58.981
27.46
-23.15
-82.337
-143.679
-199.465
-236.665
-249.446
-232.608
-184.706
-119.106
-46.788
17.599
54.566
59.357
30.857
-20.177
-68.396
-98.638
-101.261
-79.417
-51.848
-30.197
-21.334
-25.575
-33.708
-40.921
-45.707
-47.537
-49.107
-51.468
-54.013
-56.56
-58.556
-59.833
-60.876
-62.07
-63.734
-65.949
-68.452
-71.415
-75.323
-79.897
-84.496
-88.292
-89.925
-90.281
-91.153
-91.585
-91.191
-87.861
-79.556
-70.592
-63.546
-61.697
-69.62
-86.204
-113.385
-150.518
-189.389
-222.579
-241.695
-242.39
-229.695
-209.914
-186.016
-160.437
-135.401
-115.795
-110.401
-123.87
-151.277
-181.152
-203.523
-213.164
-215.207
-220.804
-231.725
-245.5
-252.48
-238.708
-204.873
-159.024
-116.272
-95.469
-101.964
-130.709
-168.82
-201.628
-222.727
-233.49
-240.481
-248.854
-258.709
-266.589
-267.645
-258.077
-236.899
-206.023
-166.013
-118.6
-66.194
-5.647
62.762
137.956
221.356
305.446
386.276
465.703
540.677
612.141
675.059
709.426
698.935
632.419
506.747
342.831
168.273
8.933
-109.432
-181.046
-211.093
-210.857
-198.487
-181.7
-165.081
-148.574
-127.993
-106.387
-83.504
-59.788
-37.94
-16.354
2.315
14.845
20.879
19.558
12.552
3.048
-6.933
-16.909
-26.137
-36.21
-48.977
-60.527
-68.146
-67.434
-53.65
-31.994
-7.312
16.145
32.715
44.117
51.22
51.95
46.419
32.781
11.39
-14.483
-43.856
-74.463
-105.252
-135.423
-158.342
-169.187
-163.495
-137.382
-96.966
-48.718
1.15
44.261
79.381
105.648
120.995
126.721
123.426
112.461
96.21
73.738
42.284
2.028
-41.806
-77.219
-90.943
-77.287
-41.06
3.673
42.975
69.725
84.429
93.26
100.568
107.627
114.131
118.637
121.481
123.864
126.369
129.645
134.101
139.745
146.636
154.535
162.79
171.044
179.24
187.404
195.65
203.969
212.244
220.455
228.672
236.922
245.179
253.331
261.236
268.851
276.17
283.193
289.918
296.307
302.393
308.324
314.167
319.903
325.335
330.079
334.044
337.26
339.705
341.68
343.452
345.176
347.897
351.76
356.205
362.386
370.064
380.692
396.371
412.876
426.544
432.116
423.963
406.266
383.395
359.432
339.685
322.099
304.927
288.944
273.216
259.045
247.321
236.668
226.555
216.699
206.587
196.107
185.232
173.854
162.193
150.819
140.021
129.791
120.099
110.833
101.928
93.45
85.39
77.642
70.165
62.945
55.965
49.261
42.83
36.629
30.644
24.87
19.331
14.069
9.105
4.444
0.08
-3.978
-7.691
-11.048
-14.08
-16.818
-19.333
-21.594
-23.416
-24.778
-25.815
-26.691
-27.705
-28.918
-29.99
-30.881
-31.959
-33.252
-34.564
-35.41
-34.67
-31.938
-27.972
-23.191
-17.472
-11.293
-5.521
-1.697
-2.939
-10.131
-20.7
-33.073
-46.748
-64.969
-95.525
-140.554
-194.578
-243.941
-268.716
-258.183
-213.188
-145.99
-78.002
-23.126
13.356
32.363
40.957
41.783
33.02
13.547
-17.586
-58.728
-105.204
-152.624
-197.173
-234.713
-261.896
-277.147
-279.974
-271.116
-252.488
-225.695
-192.986
-158.02
-124.31
-94.594
-70.773
-53.424
-42.681
-39.167
-42.401
-50.605
-61.768
-73.588
-84.441
-93.776
-100.892
-104.756
-105.075
-102.155
-96.741
-90.171
-83.274
-76.254
-69.469
-63.32
-58.032
-53.768
-50.375
-47.366
-44.5
-41.758
-39.156
-36.79
-34.69
-32.812
-31.195
-29.935
-29.089
-28.677
-28.662
-28.961
-29.525
-30.336
-31.387
-32.684
-34.222
-35.99
-37.981
-40.192
-42.624
-45.279
-48.153
-51.243
-54.549
-58.07
-61.814
-65.789
-69.995
-74.432
-79.094
-83.968
-89.041
-94.29
-99.699
-105.256
-110.956
-116.805
-122.804
-128.942
-135.206
-141.579
-148.037
-154.554
-161.088
-167.577
-173.962
-180.195
-186.241
-192.075
-197.654
-202.916
-207.788
-212.189
-216.066
-219.379
-222.088
-224.178
-225.661
-226.571
-226.983
-226.982
-226.635
-226.025
-225.244
-224.385
-223.58
-222.935
-222.593
-222.8
-223.635
-225.015
-226.719
-228.203
-228.903
-228.452
-226.317
-221.841
-214.881
-205.712
-195.123
-184.817
-176.312
-170.493
-168.34
-170.624
-177.113
-186.628
-196.795
-203.662
-203.199
-192.094
-166.953
-124.564
-64.23
12.028
101.25
198.239
300.638
409.923
522.057
629.779
719.972
774.2
784.794
752.003
682.939
591.032
482.095
360.949
235.999
117.617
21.454
-42.114
-74.434
-86.071
-90.67
-96.744
-104.776
-109.617
-108.07
-101.458
-93.754
-89.673
-91.043
-97.067
-106.437
-117.721
-129.755
-141.518
-151.788
-159.849
-165.764
-169.961
-173.096
-175.744
-178.312
-181.296
-185.223
-190.375
-196.783
-204.308
-212.663
-221.596
-230.924
-240.405
-249.792
-258.857
-267.38
-275.206
-282.228
-288.35
-293.506
-297.651
-300.749
-302.795
-303.809
-303.819
-302.875
-301.028
-298.322
-294.819
-290.59
-285.714
-280.29
-274.394
-268.083
-261.406
-254.398
-247.092
-239.515
-231.685
-223.602
-215.277
-206.716
-197.934
-188.952
-179.784
-170.442
-160.937
-151.277
-141.476
-131.552
-121.524
-111.41
-101.233
-91.012
-80.775
-70.55
-60.363
-50.236
-40.19
-30.246
-20.423
-10.745
-1.228
8.108
17.245
26.164
34.846
43.271
51.419
59.275
66.82
74.039
80.914
87.432
93.577
99.338
104.7
109.655
114.189
118.295
121.962
125.184
127.956
130.273
132.13
133.526
134.462
134.938
134.958
134.527
133.649
132.333
130.588
128.425
125.855
122.891
119.549
115.844
111.793
107.415
102.73
97.757
92.518
87.034
81.328
75.422
69.339
63.102
56.735
50.26
43.701
37.083
30.429
23.763
17.108
10.489
3.927
-2.553
-8.931
-15.184
-21.293
-27.238
-33.001
-38.564
-43.912
-49.029
-53.903
-58.521
-62.872
-66.946
-70.736
-74.234
-77.435
-80.335
-82.931
-85.22
-87.202
-88.877
-90.247
-91.314
-92.082
-92.556
-92.742
-92.649
-92.286
-91.664
-90.796
-89.694
-88.376
-86.858
-85.157
-83.294
-81.288
-79.159
-76.929
-74.62
-72.253
-69.851
-67.436
-65.028
-62.651
-60.324
-58.069
-55.905
-53.851
-51.925
-50.144
-48.526
-47.086
-45.838
-44.797
-43.973
-43.378
-43.021
-42.91
-43.051
-43.446
-44.098
-45.005
-46.163
-47.567
-49.21
-51.079
-53.164
-55.449
-57.919
-60.556
-63.342
-66.254
-69.273
-72.376
-75.54
-78.743
-81.961
-85.171
-88.35
-91.476
-94.527
-97.481
-100.317
-103.015
-105.555
-107.919
-110.088
-112.048
-113.783
-115.279
-116.527
-117.516
-118.241
-118.695
-118.878
-118.787
-118.426
-117.798
-116.909
-115.766
-114.379
-112.758
-110.916
-108.867
-106.624
-104.205
-101.624
-98.897
-96.042
-93.072
-90.005
-86.855
-83.638
-80.368
-77.058
-73.723
-70.375
-67.027
-63.689
-60.372
-57.084
-53.834
-50.628
-47.47
-44.364
-41.312
-38.317
-35.379
-32.496
-29.667
-26.893
-24.173
-21.507
-18.894
-16.332
-13.82
-11.357
-8.942
-6.572
-4.243
-1.95
0.307
2.53
4.715
6.858
8.955
11.001
12.989
14.913
16.765
18.54
20.238
21.857
23.394
24.833
26.149
27.319
28.33
29.171
29.839
30.337
30.678
30.891
31.03
31.144
31.279
31.47
31.734
32.091
32.565
33.196
34.045
35.159
36.564
38.27
40.275
42.551
45.038
47.62
50.116
52.358
54.207
55.549
56.296
56.341
55.565
53.853
51.11
47.241
42.135
35.791
28.353
20.139
11.696
3.644
-3.456
-9.009
-12.321
-13.006
-11.102
-7.051
-1.865
3.481
8.503
12.78
15.771
17.363
18.176
19.702
24.566
35.457
54.152
82.328
121.831
174.205
240.482
319.042
405.069
493.603
579.988
663.244
746.569
828.642
904.316
962.834
987.043
967.587
903.847
801.285
672.95
531.9
388.901
257.286
151.226
79.662
45.749
43.551
59.684
80.835
96.007
99.913
90.805
71.126
47.618
24.607
6.174
-6.571
-17.503
-28.214
-38.966
-49.363
-56.899
-60.53
-60.852
-58.574
-54.853
-50.77
-46.96
-43.836
-41.67
-40.524
-40.272
-40.848
-42.197
-44.166
-46.62
-49.425
-52.441
-55.609
-58.875
-62.11
-65.118
-67.684
-69.641
-70.907
-71.445
-71.236
-70.262
-68.518
-66.046
-62.918
-59.201
-54.959
-50.243
-45.091
-39.567
-33.753
-27.739
-21.628
-15.492
-9.377
-3.317
2.665
8.557
14.348
20.051
25.69
31.284
36.842
42.372
47.874
53.358
58.839
64.327
69.837
75.377
80.953
86.569
92.229
97.933
103.678
109.457
115.262
121.083
126.916
132.752
138.586
144.41
150.215
155.992
161.73
167.418
173.041
178.583
184.026
189.351
194.538
199.566
204.413
209.059
213.48
217.655
221.562
225.18
228.488
231.468
234.102
236.374
238.269
239.774
240.878
241.572
241.849
241.703
241.131
240.131
238.702
236.848
234.571
231.877
228.773
225.266
221.367
217.088
212.441
207.442
202.109
196.459
190.511
184.287
177.809
171.099
164.18
157.078
149.814
142.415
134.904
127.304
119.639
111.933
104.206
96.48
88.775
81.111
73.507
65.978
58.541
51.213
44.007
36.937
30.015
23.254
16.665
10.259
4.046
-1.965
-7.767
-13.35
-18.709
-23.838
-28.732
-33.386
-37.797
-41.962
-45.879
-49.546
-52.962
-56.127
-59.042
-61.707
-64.124
-66.296
-68.224
-69.911
-71.362
-72.58
-73.568
-74.33
-74.87
-75.194
-75.305
-75.208
-74.911
-74.418
-73.738
-72.878
-71.848
-70.657
-69.313
-67.828
-66.212
-64.474
-62.626
-60.678
-58.642
-56.53
-54.352
-52.122
-49.851
-47.552
-45.235
-42.913
-40.595
-38.291
-36.011
-33.764
-31.558
-29.404
-27.31
-25.284
-23.337
-21.477
-19.714
-18.058
-16.518
-15.099
-13.808
-12.647
-11.62
-10.727
-9.965
-9.334
-8.832
-8.46
-8.218
-8.111
-8.142
-8.315
-8.631
-9.091
-9.694
-10.435
-11.308
-12.303
-13.413
-14.632
-15.962
-17.41
-18.98
-20.663
-22.445
-24.304
-26.204
-28.1
-29.943
-31.681
-33.273
-34.694
-35.938
-37.021
-37.964
-38.791
-39.508
-40.098
-40.551
-40.864
-41.042
-41.102
-41.086
-41.059
-41.096
-41.296
-41.721
-42.401
-43.314
-44.391
-45.534
-46.619
-47.553
-48.278
-48.741
-48.898
-48.702
-48.105
-47.033
-45.399
-43.089
-39.96
-35.908
-30.882
-24.895
-18.038
-10.452
-2.321
6.193
14.959
23.853
32.768
41.6
50.256
58.64
66.649
74.15
80.969
86.955
91.993
96.025
99.062
101.153
102.381
102.808
102.487
101.483
99.861
97.679
94.982
91.761
87.973
83.628
78.786
73.508
67.906
62.008
55.708
49.065
42.263
35.452
28.875
22.563
16.182
9.653
3.186
-3.35
-10.203
-17.612
-26.272
-36.31
-47.006
-58.129
-69.597
-80.722
-90.998
-99.962
-106.355
-109.751
-110.821
-109.58
-106.47
-102.92
-99.78
-97.7
-97.991
-100.993
-106.08
-113.324
-121.959
-130.004
-136.148
-139.608
-139.622
-136.473
-131.472
-125.375
-119.398
-116.059
-116.259
-118.684
-121.861
-123.038
-121.989
-122.869
-125.862
-127.213
-115.457
-72.839
7.721
124.84
266.543
412.004
551.958
681.789
796.732
895.128
964.6
989.082
962.073
881.654
754.735
597.586
424.367
250.176
93.247
-33.49
-122.767
-174.465
-199.523
-210.961
-215.601
-215.229
-206.537
-185.414
-153.612
-116.341
-79.151
-47.401
-24.21
-10.919
-7.976
-14.674
-29.44
-49.891
-73.79
-99.092
-123.291
-144.309
-160.916
-172.423
-179.056
-181.891
-181.913
-180.289
-178.609
-177.971
-178.98
-181.966
-186.674
-192.583
-199.218
-205.905
-211.894
-216.764
-220.297
-222.449
-223.401
-223.283
-222.191
-220.29
-217.733
-214.642
-211.115
-207.263
-203.243
-199.272
-195.621
-192.544
-190.236
-188.839
-188.47
-189.165
-190.884
-193.566
-197.092
-201.343
-206.236
-211.655
-217.475
-223.509
-229.491
-235.157
-240.253
-244.539
-247.812
-249.87
-250.493
-249.553
-247.02
-242.901
-237.271
-230.2
-221.728
-211.961
-201.05
-189.201
-176.685
-163.736
-150.546
-137.311
-124.211
-111.447
-99.256
-87.802
-77.174
-67.445
-58.648
-50.821
-44.02
-38.239
-33.42
-29.476
-26.284
-23.762
-21.874
-20.573
-19.821
-19.567
-19.742
-20.315
-21.289
-22.663
-24.436
-26.604
-29.148
-32.079
-35.438
-39.264
-43.606
-48.487
-53.905
-59.852
-66.319
-73.287
-80.734
-88.623
-96.9
-105.517
-114.432
-123.6
-132.981
-142.526
-152.175
-161.87
-171.553
-181.169
-190.669
-200.006
-209.131
-218.005
-226.589
-234.85
-242.762
-250.295
-257.422
-264.117
-270.355
-276.115
-281.381
-286.138
-290.374
-294.084
-297.264
-299.914
-302.038
-303.645
-304.744
-305.347
-305.47
-305.132
-304.355
-303.166
-301.595
-299.672
-297.427
-294.894
-292.106
-289.099
-285.903
-282.547
-279.059
-275.469
-271.808
-268.111
-264.406
-260.722
-257.085
-253.521
-250.057
-246.717
-243.514
-240.454
-237.545
-234.801
-232.24
-229.891
-227.77
-225.879
-224.223
-222.796
-221.586
-220.576
-219.726
-218.968
-218.244
-217.498
-216.687
-215.784
-214.739
-213.49
-211.971
-210.109
-207.857
-205.186
-202.06
-198.466
-194.427
-189.995
-185.262
-180.35
-175.366
-170.427
-165.667
-161.22
-157.216
-153.752
-150.947
-148.98
-147.922
-147.72
-148.16
-148.753
-149.037
-148.722
-147.374
-144.38
-139.379
-132.276
-123.498
-114.297
-105.661
-97.88
-91.554
-87.5
-85.937
-86.741
-87.585
-83.454
-71.796
-51.732
-23.582
9.453
50.413
105.358
176.778
268.749
376.862
490.892
607.144
717.859
814.827
892.43
936.095
933.606
882.903
785.496
650.777
494.505
329.125
168.836
32.091
-68.6
-125.859
-139.946
-123.38
-88.929
-47.423
-8.49
24.614
48.241
61.241
68.71
73.958
80.994
90.546
96.719
96.63
89.691
77.338
64.27
52.825
43.129
35.506
30.085
26.879
25.874
26.196
26.366
25.644
23.916
21.084
17.031
11.703
5.123
-2.305
-9.797
-16.866
-23.329
-29.096
-34.196
-38.618
-42.285
-45.22
-47.552
-49.377
-50.755
-51.712
-52.219
-52.283
-51.959
-51.313
-50.43
-49.366
-48.147
-46.788
-45.297
-43.676
-41.927
-40.043
-38
-35.776
-33.357
-30.735
-27.908
-24.869
-21.604
-18.092
-14.31
-10.244
-5.885
-1.228
3.731
8.991
14.553
20.41
26.549
32.96
39.634
46.559
53.725
61.118
68.719
76.509
84.466
92.565
100.782
109.091
117.46
125.852
134.234
142.57
150.826
158.971
166.969
174.771
182.347
189.683
196.758
203.557
210.048
216.167
221.878
227.188
232.046
236.357
240.042
243.023
245.274
246.877
247.85
248.09
247.692
247.014
246.142
244.976
243.573
241.572
239.674
240.122
242.511
244.806
243.717
232.96
212.819
189.698
169.938
162.53
168.261
178.661
187.175
186.781
176.136
161.626
147.232
135.623
127.697
120.899
114.05
107.273
100.497
94.129
88.299
82.671
77.153
71.817
66.664
61.686
56.902
52.329
48.002
43.978
40.274
36.859
33.717
30.843
28.229
25.866
23.743
21.839
20.141
18.64
17.323
16.18
15.197
14.359
13.655
13.071
12.595
12.215
11.919
11.697
11.538
11.432
11.371
11.347
11.352
11.38
11.425
11.481
11.545
11.612
11.679
11.744
11.805
11.86
11.908
11.949
11.982
12.009
12.028
12.04
12.046
12.046
12.041
12.03
12.016
11.998
11.977
11.956
11.934
11.914
11.896
11.883
11.877
11.879
11.892
11.918
11.959
12.02
12.102
12.21
12.348
12.52
12.73
12.984
13.284
13.637
14.047
14.518
15.055
15.662
16.343
17.103
17.946
18.875
19.893
21.003
22.207
23.507
24.904
26.398
27.989
29.676
31.458
33.331
35.295
37.344
39.475
41.682
43.96
46.301
48.699
51.144
53.627
56.139
58.671
61.211
63.748
66.273
68.775
71.243
73.667
76.037
78.343
80.577
82.731
84.796
86.767
88.639
90.405
92.064
93.612
95.049
96.373
97.584
98.685
99.676
100.561
101.343
102.026
102.616
103.118
103.54
103.888
104.172
104.399
104.579
104.72
104.833
104.926
105.009
105.09
105.179
105.282
105.409
105.564
105.753
105.981
106.252
106.566
106.924
107.325
107.768
108.249
108.764
109.307
109.872
110.452
111.039
111.625
112.2
112.755
113.279
113.762
114.192
114.557
114.846
115.046
115.146
115.134
114.997
114.726
114.307
113.732
112.991
112.074
110.974
109.684
108.199
106.516
104.632
102.548
100.264
97.785
95.114
92.259
89.228
86.03
82.674
79.174
75.541
71.791
67.937
63.996
59.984
55.92
51.822
47.709
43.602
39.519
35.481
31.507
27.62
23.838
20.183
16.675
13.331
10.173
7.218
4.484
1.985
-0.264
-2.253
-3.968
-5.403
-6.549
-7.403
-7.963
-8.228
-8.198
-7.875
-7.265
-6.374
-5.209
-3.783
-2.105
-0.193
1.937
4.263
6.764
9.416
12.197
15.081
18.042
21.057
24.101
27.153
30.187
33.179
36.098
38.917
41.612
44.16
46.538
48.725
50.697
52.44
53.949
55.216
56.231
56.976
57.421
57.548
57.353
56.835
56.001
54.863
53.436
51.756
49.888
47.892
45.831
43.75
41.674
39.65
37.744
36.037
34.628
33.579
32.915
32.663
32.844
33.451
34.455
35.769
37.25
38.773
40.223
41.49
42.47
43.029
43.038
42.32
40.652
37.953
34.289
29.878
25.108
20.387
16.052
12.627
10.834
11.137
13.664
17.989
23.123
28.202
32.668
35.937
37.348
36.475
33.456
29.724
27.847
30.409
39.995
59.261
90.819
137.364
199.638
275.146
360.61
453.406
553.975
664.285
781.069
893.638
983.467
1032.859
1035.287
995.475
928.054
845.811
749.758
636.208
502.9
356.002
216.201
107.075
42.106
24.005
41.705
75.384
109.08
128.995
127.049
105.564
71.049
34.929
7.574
-8.221
-14.303
-16.755
-20.205
-24.788
-29.08
-30.591
-28.264
-23.061
-16.156
-8.652
-1.374
5.196
10.738
15.005
17.97
19.8
20.679
20.82
20.438
19.727
18.838
17.887
16.97
16.178
15.684
15.691
16.364
17.849
20.227
23.52
27.671
32.525
37.787
43.077
48.073
52.521
56.247
59.126
60.988
61.662
60.995
58.829
55.022
49.425
41.848
32.165
20.388
6.638
-8.797
-25.533
-43.258
-61.695
-80.614
-99.81
-119.018
-137.974
-156.473
-174.281
-191.145
-206.763
-220.709
-232.623
-242.286
-249.554
-254.439
-257.032
-257.383
-255.572
-251.7
-245.847
-238.142
-228.717
-217.635
-204.999
-190.938
-175.618
-159.343
-142.399
-124.992
-107.337
-89.563
-71.75
-54
-36.379
-18.904
-1.644
15.337
31.982
48.148
63.681
78.408
92.099
104.596
115.771
125.495
133.693
140.275
145.103
148.06
149.025
147.86
144.485
138.842
130.846
120.504
107.908
93.222
76.741
58.788
39.638
19.552
-1.243
-22.506
-43.943
-65.253
-86.15
-106.359
-125.644
-143.761
-160.431
-175.435
-188.653
-200.049
-209.707
-217.763
-224.33
-229.515
-233.43
-236.215
-238.053
-239.154
-239.725
-239.943
-239.971
-239.992
-240.22
-240.84
-241.971
-243.666
-245.904
-248.634
-251.82
-255.43
-259.425
-263.75
-268.341
-273.116
-277.996
-282.925
-287.848
-292.68
-297.305
-301.604
-305.482
-308.902
-311.882
-314.451
-316.616
-318.368
-319.696
-320.574
-320.96
-320.793
-319.98
-318.415
-316.028
-312.823
-308.882
-304.334
-299.333
-293.985
-288.356
-282.508
-276.533
-270.536
-264.615
-258.879
-253.46
-248.548
-244.414
-241.342
-239.549
-239.118
-240.009
-242.082
-245.146
-249.02
-253.527
-258.467
-263.609
-268.742
-273.701
-278.345
-282.524
-286.016
-288.504
-289.639
-289.157
-286.923
-282.923
-277.242
-270.013
-261.406
-251.632
-240.957
-229.677
-218.039
-206.215
-194.332
-182.509
-170.917
-159.798
-149.416
-139.976
-131.611
-124.391
-118.34
-113.453
-109.682
-106.92
-105.007
-103.757
-103.036
-102.768
-102.914
-103.447
-104.316
-105.445
-106.751
-108.183
-109.697
-111.257
-112.831
-114.386
-115.914
-117.439
-119.013
-120.693
-122.508
-124.461
-126.537
-128.713
-130.968
-133.278
-135.612
-137.929
-140.195
-142.385
-144.483
-146.474
-148.335
-150.037
-151.545
-152.827
-153.858
-154.617
-155.086
-155.25
-155.103
-154.64
-153.87
-152.799
-151.43
-149.764
-147.8
-145.543
-143.011
-140.216
-137.174
-133.898
-130.404
-126.713
-122.852
-118.843
-114.704
-110.449
-106.088
-101.642
-97.138
-92.606
-88.085
-83.589
-79.114
-74.655
-70.202
-65.77
-61.416
-57.17
-53.048
-49.068
-45.211
-41.521
-38.147
-35.057
-32.074
-29.045
-25.75
-22.211
-18.816
-15.715
-12.792
-10.255
-8.493
-7.942
-9.314
-12.617
-16.976
-21.924
-27.358
-32.875
-38.073
-42.337
-44.558
-44.614
-43.514
-41.839
-39.89
-38.033
-36.363
-35.283
-35.718
-37.753
-40.612
-43.758
-46.72
-49.171
-51.175
-52.545
-52.804
-51.919
-50.217
-48.013
-45.708
-43.515
-41.423
-39.555
-38.101
-37.212
-37.029
-37.62
-39.059
-41.541
-45.157
-49.85
-55.401
-61.205
-66.574
-70.949
-73.605
-73.762
-71.091
-65.659
-58.057
-49.768
-42.294
-36.669
-34.013
-35.325
-40.588
-48.746
-57.725
-63.882
-63.124
-51.917
-26.677
16.325
78.262
157.005
249.759
351.595
458.827
572.795
691.775
808.477
911.661
982.781
1004.238
970.176
882.35
750.116
590.654
418.975
250.192
102.763
-11.009
-86.675
-125.394
-138.226
-137.203
-125.375
-106.95
-85.662
-63.489
-50.025
-48.774
-54.654
-64.453
-71.317
-71.934
-70.435
-68.039
-65.074
-61.575
-54.958
-44.477
-31.213
-16.076
-0.332
14.888
28.971
41.504
52.208
61.099
68.399
74.282
78.9
82.43
85.042
86.871
88.056
88.743
89.055
89.171
89.304
89.597
90.139
90.994
92.174
93.672
95.477
97.54
99.791
102.175
104.641
107.142
109.645
112.093
114.417
116.552
118.426
119.994
121.243
122.17
122.787
123.127
123.225
123.132
122.909
122.609
122.276
121.955
121.683
121.501
121.455
121.587
121.937
122.542
123.434
124.637
126.175
128.063
130.312
132.928
135.911
139.26
142.975
147.051
151.481
156.258
161.367
166.793
172.516
178.514
184.76
191.223
197.871
204.668
211.576
218.556
225.569
232.571
239.522
246.378
253.095
259.632
265.945
271.993
277.735
283.131
288.145
292.742
296.889
300.556
303.716
306.346
308.424
309.932
310.857
311.187
310.913
310.03
308.537
306.436
303.73
300.428
296.541
292.084
287.075
281.533
275.48
268.942
261.945
254.518
246.691
238.494
229.961
221.126
212.023
202.688
193.156
183.463
173.645
163.737
153.772
143.786
133.809
123.873
114.008
104.242
94.603
85.116
75.805
66.693
57.799
49.143
40.742
32.611
24.764
17.211
9.964
3.029
-3.586
-9.876
-15.837
-21.466
-26.764
-31.731
-36.368
-40.679
-44.67
-48.345
-51.713
-54.783
-57.564
-60.066
-62.3
-64.279
-66.015
-67.521
-68.809
-69.893
-70.788
-71.506
-72.062
-72.47
-72.743
-72.898
-72.946
-72.901
-72.779
-72.591
-72.351
-72.073
-71.769
-71.452
-71.136
-70.833
-70.554
-70.312
-70.118
-69.98
-69.91
-69.915
-70.001
-70.177
-70.445
-70.811
-71.278
-71.846
-72.518
-73.293
-74.169
-75.146
-76.219
-77.386
-78.641
-79.979
-81.393
-82.877
-84.422
-86.021
-87.664
-89.341
-91.042
-92.756
-94.47
-96.173
-97.851
-99.491
-101.079
-102.601
-104.043
-105.391
-106.633
-107.755
-108.747
-109.597
-110.297
-110.836
-111.209
-111.41
-111.433
-111.276
-110.935
-110.411
-109.703
-108.814
-107.747
-106.505
-105.095
-103.522
-101.795
-99.923
-97.915
-95.781
-93.534
-91.186
-88.751
-86.243
-83.679
-81.074
-78.446
-75.812
-73.191
-70.602
-68.061
-65.586
-63.194
-60.901
-58.722
-56.67
-54.756
-52.991
-51.386
-49.948
-48.683
-47.598
-46.696
-45.978
-45.447
-45.101
-44.938
-44.956
-45.15
-45.513
-46.041
-46.727
-47.563
-48.54
-49.649
-50.88
-52.222
-53.664
-55.193
-56.795
-58.458
-60.166
-61.907
-63.668
-65.438
-67.206
-68.964
-70.708
-72.435
-74.143
-75.83
-77.497
-79.145
-80.775
-82.389
-83.984
-85.563
-87.127
-88.682
-90.235
-91.792
-93.357
-94.936
-96.534
-98.155
-99.805
-101.484
-103.187
-104.917
-106.684
-108.506
-110.415
-112.434
-114.572
-116.842
-119.255
-121.81
-124.506
-127.316
-130.187
-133.07
-135.921
-138.702
-141.396
-143.949
-146.292
-148.353
-150.038
-151.291
-152.095
-152.409
-152.201
-151.477
-150.242
-148.581
-146.673
-144.664
-142.72
-141.012
-139.633
-138.783
-138.758
-139.746
-141.866
-145.03
-148.841
-152.944
-157.132
-161.034
-164.155
-166.062
-166.427
-165.603
-164.704
-164.926
-167.126
-171.876
-179.924
-191.701
-206.919
-224.322
-239.98
-249.367
-250.123
-239.308
-216.294
-180.949
-128.879
-60.018
25.974
129.245
243.947
369.166
499.404
623.449
729.689
798.62
818.734
789.493
717.991
623.384
520.675
417.475
317.559
218.362
120.66
29.98
-48.253
-108.953
-150.769
-175.768
-186.858
-187.62
-181.518
-172.358
-164.004
-158.8
-157.676
-160.568
-166.573
-174.552
-183.407
-191.52
-197.168
-199.557
-198.562
-194.584
-188.55
-181.343
-173.683
-166.428
-160.403
-156.035
-153.533
-152.884
-153.849
-156.235
-159.869
-164.507
-169.919
-175.902
-182.254
-188.796
-195.337
-201.646
-207.543
-212.907
-217.647
-221.728
-225.126
-227.826
-229.864
-231.296
-232.181
-232.579
-232.536
-232.091
-231.306
-230.252
-229.006
-227.651
-226.239
-224.8
-223.355
-221.905
-220.439
-218.949
-217.41
-215.769
-213.986
-212.029
-209.865
-207.491
-204.907
-202.073
-198.952
-195.568
-191.938
-188.078
-184.019
-179.727
-175.14
-170.298
-165.276
-159.92
-154.049
-147.793
-141.153
-134.111
-127.104
-119.019
-108.776
-97.973
-87.116
-79.13
-77.512
-78.458
-79.448
-76.707
-65.041
-49.113
-32.879
-19.061
-12.134
-8.957
-6.343
-3.609
1.177
6.851
11.921
16.646
20.817
24.513
28.018
31.124
33.665
35.689
37.201
38.182
38.639
38.587
38.04
37.036
35.621
33.797
31.569
28.961
25.997
22.702
19.105
15.231
11.104
6.754
2.214
-2.487
-7.318
-12.253
-17.264
-22.322
-27.401
-32.476
-37.523
-42.521
-47.449
-52.289
-57.025
-61.644
-66.132
-70.48
-74.681
-78.725
-82.606
-86.32
-89.862
-93.229
-96.419
-99.429
-102.259
-104.909
-107.385
-109.692
-111.834
-113.817
-115.645
-117.326
-118.863
-120.259
-121.512
-122.615
-123.563
-124.354
-124.984
-125.449
-125.745
-125.862
-125.796
-125.545
-125.101
-124.454
-123.581
-122.449
-121.036
-119.339
-117.356
-115.103
-112.588
-109.809
-106.78
-103.524
-100.048
-96.348
-92.392
-88.116
-83.485
-78.48
-73.103
-67.388
-61.338
-54.929
-48.134
-40.919
-33.25
-25.108
-16.441
-7.159
2.768
13.323
24.429
35.93
47.715
59.713
71.866
84.149
96.506
108.842
121.08
133.151
144.968
156.449
167.46
177.807
187.38
196.139
204.116
211.442
218.196
224.407
230.107
235.31
240.042
244.354
248.265
251.763
254.869
257.619
260.092
262.429
264.704
266.927
269.065
271.016
272.715
274.137
275.248
276.017
276.425
276.45
276.106
275.442
274.485
273.244
271.709
269.837
267.62
265.086
262.276
259.258
256.091
252.817
249.488
246.16
242.881
239.69
236.608
233.638
230.792
228.09
225.559
223.23
221.129
219.269
217.664
216.323
215.255
214.468
213.965
213.742
213.798
214.133
214.747
215.646
216.83
218.291
220.023
222.017
224.258
226.735
229.428
232.317
235.378
238.588
241.922
245.357
248.865
252.417
255.985
259.539
263.05
266.488
269.824
273.029
276.071
278.922
281.553
283.935
286.037
287.829
289.28
290.362
291.049
291.315
291.137
290.495
289.372
287.755
285.637
283.007
279.859
276.188
271.994
267.281
262.056
256.327
250.106
243.406
236.25
228.664
220.67
212.286
203.527
194.396
184.907
175.089
164.965
154.56
143.91
133.052
122.048
110.985
99.944
89.001
78.232
67.693
57.472
47.674
38.391
29.727
21.752
14.493
8
2.322
-2.539
-6.582
-9.886
-12.627
-14.95
-17.019
-19.022
-21.08
-23.429
-26.392
-30.13
-34.713
-40.014
-45.628
-51.281
-56.832
-61.934
-66.161
-69.208
-70.834
-71.485
-72.207
-73.749
-76.673
-81.339
-87.844
-96.304
-106.53
-117.061
-125.398
-128.893
-124.723
-110.766
-85.456
-46.773
7.031
76.241
159.645
253.565
352.087
450.317
544.409
632.999
716.332
791.017
850.216
882.597
875.935
825.531
733.453
608.282
464.496
314.916
173.168
54.883
-31.393
-82.433
-103.299
-108.677
-108.763
-108.379
-107.88
-102.257
-90.9
-77.441
-65.274
-58.033
-56.662
-59.597
-65.474
-72.858
-80.104
-85.795
-89.078
-89.786
-88.396
-85.736
-82.496
-79.194
-76.442
-74.911
-74.994
-76.799
-80.191
-84.826
-90.403
-96.709
-103.515
-110.58
-117.701
-124.669
-131.278
-137.415
-142.998
-147.956
-152.268
-155.899
-158.821
-161.055
-162.654
-163.677
-164.188
-164.233
-163.84
-163.059
-161.946
-160.567
-158.996
-157.279
-155.434
-153.475
-151.401
-149.212
-146.9
-144.44
-141.79
-138.913
-135.783
-132.376
-128.678
-124.666
-120.315
-115.6
-110.502
-105.009
-99.112
-92.805
-86.083
-78.949
-71.408
-63.472
-55.16
-46.488
-37.472
-28.133
-18.494
-8.579
1.581
11.957
22.517
33.225
44.042
54.926
65.835
76.723
87.545
98.255
108.803
119.142
129.222
138.996
148.414
157.43
165.997
174.069
181.605
188.564
194.909
200.605
205.62
209.924
213.495
216.31
218.352
219.609
220.07
219.731
218.59
216.65
213.919
210.409
206.133
201.111
195.365
188.923
181.813
174.07
165.728
156.827
147.409
137.518
127.201
116.505
105.48
94.176
82.645
70.939
59.11
47.209
35.286
23.393
11.578
-0.111
-11.628
-22.928
-33.969
-44.712
-55.117
-65.151
-74.779
-83.972
-92.702
-100.946
-108.68
-115.886
-122.548
-128.651
-134.186
-139.146
-143.524
-147.321
-150.537
-153.176
-155.246
-156.757
-157.72
-158.15
-158.064
-157.479
-156.417
-154.899
-152.948
-150.588
-147.845
-144.746
-141.317
-137.586
-133.582
-129.332
-124.866
-120.21
-115.394
-110.445
-105.391
-100.259
-95.076
-89.869
-84.662
-79.48
-74.348
-69.287
-64.318
-59.462
-54.737
-50.159
-45.743
-41.503
-37.451
-33.597
-29.951
-26.519
-23.307
-20.321
-17.563
-15.034
-12.736
-10.668
-8.827
-7.211
-5.815
-4.636
-3.668
-2.903
-2.336
-1.959
-1.761
-1.736
-1.871
-2.158
-2.584
-3.139
-3.812
-4.59
-5.464
-6.421
-7.451
-8.543
-9.687
-10.873
-12.092
-13.336
-14.595
-15.863
-17.133
-18.397
-19.651
-20.889
-22.107
-23.301
-24.467
-25.602
-26.704
-27.771
-28.801
-29.793
-30.747
-31.663
-32.542
-33.386
-34.197
-34.977
-35.729
-36.458
-37.166
-37.859
-38.539
-39.212
-39.883
-40.555
-41.235
-41.925
-42.632
-43.36
-44.111
-44.891
-45.702
-46.548
-47.43
-48.353
-49.317
-50.325
-51.38
-52.481
-53.632
-54.832
-56.081
-57.38
-58.728
-60.123
-61.561
-63.04
-64.557
-66.108
-67.688
-69.294
-70.918
-72.556
-74.203
-75.851
-77.495
-79.127
-80.74
-82.328
-83.885
-85.405
-86.882
-88.31
-89.685
-91.003
-92.261
-93.457
-94.587
-95.648
-96.639
-97.559
-98.409
-99.189
-99.9
-100.546
-101.132
-101.668
-102.163
-102.629
-103.077
-103.519
-103.971
-104.444
-104.953
-105.505
-106.11
-106.777
-107.518
-108.349
-109.283
-110.332
-111.505
-112.811
-114.26
-115.861
-117.615
-119.512
-121.55
-123.727
-126.052
-128.551
-131.238
-134.12
-137.201
-140.476
-143.935
-147.563
-151.326
-155.163
-159.017
-162.831
-166.563
-170.191
-173.673
-176.948
-179.947
-182.575
-184.757
-186.446
-187.588
-188.157
-188.165
-187.647
-186.678
-185.371
-183.829
-182.173
-180.531
-178.995
-177.678
-176.669
-176.115
-176.321
-177.441
-179.429
-182.104
-184.973
-187.506
-189.374
-190.004
-188.503
-184.466
-178.023
-169.775
-161.228
-153.98
-149.069
-147.783
-151.81
-160.439
-170.492
-178.895
-180.953
-176.133
-169.812
-161.816
-148.909
-122.034
-63.367
34.583
170.964
338.243
515.334
685.209
831.951
937.112
993.131
995.38
945.712
857.298
741.284
605.473
456.468
299.564
143.893
6.81
-93.685
-148.544
-156.271
-126.4
-77.048
-23.622
19.152
41.014
42.062
27.454
7.646
-7.36
-14.562
-15.459
-15.297
-17.678
-22.017
-26.513
-28.683
-27.683
-24.599
-20.557
-16.567
-13.403
-11.502
-11.123
-12.387
-15.141
-19.063
-23.918
-29.525
-35.706
-42.262
-48.972
-55.609
-61.977
-67.95
-73.42
-78.295
-82.515
-86.04
-88.862
-91.004
-92.515
-93.45
-93.867
-93.82
-93.355
-92.533
-91.429
-90.128
-88.725
-87.291
-85.874
-84.509
-83.22
-82.021
-80.915
-79.889
-78.916
-77.969
-77.029
-76.079
-75.107
-74.094
-73.016
-71.845
-70.556
-69.126
-67.534
-65.762
-63.791
-61.605
-59.19
-56.538
-53.644
-50.502
-47.102
-43.437
-39.499
-35.283
-30.787
-26.01
-20.953
-15.618
-10.013
-4.149
1.96
8.299
14.849
21.59
28.5
35.551
42.717
49.968
57.273
64.599
71.912
79.177
86.355
93.411
100.307
107.007
113.474
119.671
125.564
131.119
136.304
141.088
145.443
149.342
152.759
155.675
158.068
159.923
161.227
161.97
162.144
161.746
160.778
159.243
157.147
154.501
151.319
147.617
143.416
138.738
133.609
128.055
122.107
115.798
109.161
102.231
95.045
87.639
80.051
72.32
64.482
56.576
48.638
40.705
32.811
24.992
17.278
9.702
2.293
-4.922
-11.918
-18.671
-25.159
-31.366
-37.273
-42.868
-48.138
-53.076
-57.675
-61.931
-65.843
-69.413
-72.643
-75.54
-78.11
-80.364
-82.312
-83.967
-85.343
-86.455
-87.319
-87.951
-88.369
-88.59
-88.633
-88.513
-88.25
-87.859
-87.358
-86.764
-86.09
-85.353
-84.567
-83.744
-82.897
-82.038
-81.176
-80.322
-79.482
-78.665
-77.877
-77.121
-76.401
-75.721
-75.081
-74.482
-73.923
-73.404
-72.923
-72.477
-72.062
-71.675
-71.313
-70.97
-70.643
-70.327
-70.017
-69.711
-69.405
-69.094
-68.775
-68.447
-68.106
-67.751
-67.379
-66.991
-66.586
-66.162
-65.721
-65.263
-64.789
-64.3
-63.8
-63.289
-62.772
-62.25
-61.726
-61.205
-60.691
-60.186
-59.696
-59.223
-58.773
-58.349
-57.955
-57.595
-57.27
-56.986
-56.743
-56.543
-56.388
-56.279
-56.215
-56.197
-56.225
-56.296
-56.41
-56.565
-56.758
-56.986
-57.247
-57.537
-57.852
-58.19
-58.546
-58.916
-59.296
-59.682
-60.071
-60.457
-60.837
-61.206
-61.56
-61.895
-62.208
-62.494
-62.751
-62.977
-63.169
-63.326
-63.447
-63.531
-63.58
-63.593
-63.571
-63.517
-63.431
-63.316
-63.173
-63.005
-62.817
-62.612
-62.392
-62.162
-61.925
-61.686
-61.448
-61.216
-60.993
-60.781
-60.586
-60.41
-60.259
-60.136
-60.044
-59.986
-59.968
-59.993
-60.065
-60.186
-60.359
-60.584
-60.863
-61.199
-61.591
-62.042
-62.551
-63.122
-63.759
-64.469
-65.255
-66.119
-67.067
-68.101
-69.223
-70.433
-71.727
-73.099
-74.548
-76.073
-77.675
-79.352
-81.098
-82.909
-84.78
-86.706
-88.682
-90.691
-92.715
-94.74
-96.761
-98.782
-100.817
-102.873
-104.942
-107.018
-109.092
-111.153
-113.181
-115.138
-116.962
-118.599
-120.002
-121.139
-121.987
-122.495
-122.592
-122.206
-121.266
-119.723
-117.557
-114.745
-111.269
-107.154
-102.442
-97.204
-91.571
-85.668
-79.624
-73.596
-67.739
-62.211
-57.246
-53.127
-50.007
-47.853
-46.422
-45.238
-43.81
-41.766
-38.651
-33.815
-26.93
-18.247
-8.595
0.472
7.365
11.216
11.365
7.03
-1.818
-14.058
-27.396
-37.902
-41.178
-34.016
-13.688
22.776
77.424
150.838
242.107
346.423
456.078
564.928
666.761
758.586
842.259
915.169
972.809
1006.419
999.596
944.946
842.052
696.812
530.732
362.623
209.585
91.11
10.978
-32.736
-46.882
-48.444
-46.141
-42.795
-39.304
-31.211
-18.633
-5.763
4.412
8.864
6.997
0.617
-8.646
-19.053
-28.768
-36.379
-41.121
-42.968
-42.5
-40.558
-37.883
-35.079
-32.784
-31.636
-31.98
-33.864
-37.119
-41.415
-46.458
-52.038
-57.948
-63.968
-69.92
-75.62
-80.872
-85.567
-89.628
-92.999
-95.665
-97.606
-98.806
-99.297
-99.152
-98.444
-97.249
-95.627
-93.615
-91.272
-88.67
-85.886
-83.007
-80.089
-77.162
-74.249
-71.361
-68.502
-65.673
-62.849
-59.992
-57.068
-54.049
-50.912
-47.64
-44.208
-40.584
-36.74
-32.65
-28.292
-23.649
-18.705
-13.443
-7.852
-1.927
4.335
10.93
17.857
25.115
32.7
40.604
48.819
57.333
66.13
75.195
84.507
94.041
103.768
113.659
123.68
133.796
143.969
154.159
164.323
174.42
184.405
194.234
203.86
213.238
222.323
231.069
239.433
247.375
254.853
261.828
268.266
274.134
279.4
284.04
288.028
291.344
293.971
295.897
297.113
297.613
297.395
296.463
294.823
292.485
289.464
285.78
281.454
276.512
270.983
264.9
258.298
251.215
243.689
235.764
227.483
218.89
210.031
200.953
191.702
182.325
172.867
163.374
153.89
144.458
135.118
125.909
116.87
108.035
99.437
91.106
83.069
75.352
67.975
60.959
54.319
48.069
42.218
36.772
31.737
27.113
22.898
19.088
15.674
12.648
9.996
7.705
5.758
4.138
2.824
1.795
1.03
0.506
0.198
0.084
0.138
0.337
0.656
1.073
1.563
2.105
2.676
3.256
3.825
4.365
4.857
5.286
5.636
5.896
6.052
6.096
6.018
5.813
5.475
5.001
4.39
3.641
2.756
1.738
0.592
-0.677
-2.061
-3.553
-5.143
-6.821
-8.576
-10.398
-12.273
-14.191
-16.138
-18.102
-20.071
-22.032
-23.972
-25.88
-27.743
-29.551
-31.291
-32.953
-34.529
-36.008
-37.383
-38.647
-39.795
-40.821
-41.722
-42.495
-43.14
-43.655
-44.044
-44.306
-44.447
-44.47
-44.383
-44.19
-43.901
-43.525
-43.069
-42.545
-41.963
-41.334
-40.669
-39.98
-39.278
-38.575
-37.884
-37.217
-36.586
-36.003
-35.48
-35.029
-34.66
-34.383
-34.209
-34.144
-34.198
-34.376
-34.684
-35.128
-35.709
-36.431
-37.294
-38.297
-39.439
-40.717
-42.126
-43.659
-45.311
-47.073
-48.937
-50.893
-52.931
-55.042
-57.213
-59.433
-61.692
-63.975
-66.269
-68.562
-70.839
-73.086
-75.29
-77.437
-79.515
-81.511
-83.412
-85.209
-86.891
-88.448
-89.871
-91.152
-92.286
-93.267
-94.09
-94.755
-95.259
-95.603
-95.792
-95.828
-95.718
-95.467
-95.084
-94.575
-93.951
-93.22
-92.395
-91.484
-90.501
-89.459
-88.374
-87.264
-86.147
-85.04
-83.961
-82.929
-81.962
-81.075
-80.283
-79.594
-79.017
-78.564
-78.246
-78.074
-78.057
-78.2
-78.509
-78.992
-79.649
-80.482
-81.484
-82.639
-83.94
-85.381
-86.96
-88.685
-90.556
-92.564
-94.7
-96.948
-99.282
-101.67
-104.063
-106.388
-108.585
-110.593
-112.36
-113.845
-114.995
-115.752
-116.066
-115.88
-115.146
-113.829
-111.912
-109.403
-106.353
-102.828
-98.92
-94.75
-90.444
-86.16
-82.058
-78.276
-74.967
-72.23
-70.179
-69
-68.734
-69.289
-70.445
-71.726
-72.67
-72.994
-72.237
-69.777
-65.418
-59.159
-51.406
-43.285
-35.535
-28.469
-22.758
-18.953
-16.841
-15.8
-14.156
-9.081
1.481
19.396
47.102
86.516
139.096
204.485
279.009
358.159
437.896
516.086
594.555
673.14
746.776
806.688
837.946
827.066
770.375
670.141
535.066
380.775
221.065
70.991
-50.259
-130.907
-167.612
-165.641
-141.976
-113.608
-89.548
-72.823
-60.45
-47.965
-35.111
-23.599
-15.428
-12.377
-13.725
-17.5
-21.683
-24.223
-24.309
-22.096
-18.002
-12.76
-7.105
-1.613
3.017
6.091
7.314
6.668
4.314
0.603
-4.188
-9.845
-16.085
-22.636
-29.254
-35.688
-41.786
-47.485
-52.715
-57.44
-61.643
-65.29
-68.397
-71.022
-73.212
-75.02
-76.493
-77.659
-78.565
-79.27
-79.842
-80.355
-80.859
-81.377
-81.922
-82.494
-83.083
-83.677
-84.244
-84.732
-85.099
-85.302
-85.305
-85.076
-84.58
-83.779
-82.632
-81.104
-79.157
-76.754
-73.87
-70.492
-66.615
-62.243
-57.392
-52.088
-46.366
-40.273
-33.853
-27.144
-20.179
-12.984
-5.585
1.994
9.721
17.555
25.477
33.491
41.61
49.858
58.272
66.894
75.781
85.016
94.655
104.718
115.214
126.126
137.42
149.048
160.952
173.063
185.288
197.514
209.589
221.332
232.539
242.993
252.461
260.692
267.465
272.611
275.971
277.407
276.83
274.194
269.473
262.679
253.834
242.957
230.145
215.567
199.422
181.959
163.439
144.133
124.325
104.29
84.311
64.689
45.664
27.418
10.127
-6.066
-21
-34.475
-46.38
-56.686
-65.393
-72.554
-78.231
-82.48
-85.416
-87.194
-87.994
-88.034
-87.479
-86.436
-85.02
-83.335
-81.51
-79.724
-78.089
-76.655
-75.468
-74.547
-73.912
-73.6
-73.589
-73.81
-74.179
-74.587
-74.965
-75.293
-75.546
-75.703
-75.736
-75.6
-75.28
-74.803
-74.184
-73.442
-72.596
-71.648
-70.637
-69.626
-68.681
-67.876
-67.261
-66.865
-66.712
-66.827
-67.223
-67.915
-68.899
-70.159
-71.683
-73.461
-75.484
-77.745
-80.226
-82.9
-85.74
-88.719
-91.812
-94.997
-98.251
-101.554
-104.885
-108.228
-111.571
-114.902
-118.208
-121.473
-124.681
-127.818
-130.868
-133.819
-136.656
-139.367
-141.939
-144.363
-146.631
-148.738
-150.676
-152.442
-154.031
-155.443
-156.674
-157.725
-158.598
-159.293
-159.814
-160.166
-160.351
-160.377
-160.247
-159.969
-159.548
-158.99
-158.302
-157.491
-156.562
-155.522
-154.379
-153.139
-151.811
-150.4
-148.914
-147.361
-145.749
-144.084
-142.375
-140.627
-138.849
-137.046
-135.226
-133.396
-131.562
-129.729
-127.904
-126.092
-124.299
-122.53
-120.789
-119.08
-117.408
-115.777
-114.189
-112.649
-111.159
-109.722
-108.338
-107.011
-105.74
-104.527
-103.372
-102.275
-101.234
-100.251
-99.324
-98.45
-97.629
-96.857
-96.132
-95.449
-94.803
-94.19
-93.601
-93.03
-92.47
-91.914
-91.353
-90.779
-90.184
-89.559
-88.896
-88.186
-87.422
-86.593
-85.692
-84.711
-83.644
-82.484
-81.227
-79.867
-78.401
-76.828
-75.144
-73.35
-71.445
-69.427
-67.298
-65.059
-62.714
-60.266
-57.72
-55.085
-52.371
-49.591
-46.761
-43.895
-41.01
-38.122
-35.249
-32.408
-29.613
-26.877
-24.213
-21.639
-19.171
-16.826
-14.617
-12.557
-10.658
-8.931
-7.388
-6.037
-4.88
-3.915
-3.147
-2.585
-2.247
-2.157
-2.33
-2.767
-3.472
-4.445
-5.68
-7.164
-8.86
-10.707
-12.647
-14.628
-16.605
-18.541
-20.377
-22.041
-23.456
-24.545
-25.26
-25.583
-25.485
-24.949
-23.979
-22.582
-20.847
-18.934
-16.997
-15.215
-13.744
-12.695
-12.26
-12.7
-14.158
-16.653
-20.009
-23.804
-27.678
-31.418
-34.688
-37.058
-38.264
-38.216
-37.338
-36.664
-37.144
-39.358
-43.772
-50.702
-60.041
-71.299
-82.994
-92.438
-96.74
-93.293
-79.733
-53.892
-14.07
40.952
111.169
193.391
282.348
373.252
460.655
542.884
622.7
697.573
763.729
812.456
825.483
793.846
714.86
591.548
443.671
289.319
145.469
31.821
-46.49
-90.454
-107.059
-112.904
-116.548
-120.614
-124.402
-121.828
-112.57
-100.731
-89.637
-83.009
-81.728
-84.044
-88.725
-94.539
-99.766
-103.039
-103.557
-101.038
-95.992
-89.356
-81.835
-74
-66.549
-60.122
-55.128
-51.755
-49.9
-49.292
-49.702
-50.938
-52.816
-55.152
-57.773
-60.516
-63.206
-65.677
-67.805
-69.498
-70.699
-71.382
-71.53
-71.143
-70.263
-68.952
-67.276
-65.296
-63.055
-60.587
-57.946
-55.197
-52.416
-49.683
-47.051
-44.547
-42.195
-40
-37.963
-36.072
-34.298
-32.597
-30.936
-29.285
-27.619
-25.919
-24.157
-22.301
-20.321
-18.188
-15.877
-13.365
-10.632
-7.657
-4.428
-0.933
2.833
6.871
11.182
15.769
20.631
25.767
31.172
36.839
42.759
48.922
55.313
61.914
68.704
75.66
82.757
89.966
97.26
104.605
111.97
119.322
126.624
133.842
140.938
147.877
154.621
161.133
167.378
173.32
178.925
184.16
188.994
193.4
197.351
200.823
203.795
206.248
208.168
209.54
210.356
210.609
210.295
209.413
207.966
205.96
203.405
200.311
196.694
192.573
187.967
182.898
177.393
171.477
165.18
158.532
151.565
144.313
136.811
129.094
121.199
113.161
105.018
96.806
88.56
80.315
72.107
63.967
55.928
48.02
40.273
32.715
25.37
18.264
11.418
4.852
-1.414
-7.364
-12.985
-18.263
-23.189
-27.754
-31.952
-35.777
-39.228
-42.303
-45.002
-47.33
-49.289
-50.885
-52.127
-53.024
-53.584
-53.821
-53.746
-53.372
-52.714
-51.786
-50.603
-49.182
-47.538
-45.688
-43.649
-41.438
-39.071
-36.565
-33.938
-31.205
-28.384
-25.49
-22.54
-19.549
-16.533
-13.507
-10.486
-7.483
-4.513
-1.589
1.276
4.072
6.786
9.408
11.93
14.341
16.633
18.8
20.835
22.732
24.486
26.093
27.549
28.852
29.999
30.99
31.824
32.5
33.02
33.386
33.599
33.663
33.58
33.356
32.994
32.502
31.884
31.148
30.3
29.35
28.304
27.171
25.961
24.682
23.343
21.955
20.526
19.065
17.583
16.089
14.591
13.099
11.621
10.166
8.741
7.354
6.012
4.722
3.49
2.323
1.225
0.203
-0.741
-1.602
-2.377
-3.064
-3.661
-4.167
-4.582
-4.907
-5.143
-5.293
-5.358
-5.342
-5.25
-5.086
-4.855
-4.563
-4.217
-3.823
-3.388
-2.92
-2.426
-1.913
-1.389
-0.861
-0.336
0.179
0.676
1.149
1.59
1.994
2.353
2.661
2.912
3.102
3.225
3.278
3.256
3.158
2.982
2.728
2.395
1.983
1.493
0.929
0.293
-0.411
-1.177
-2.001
-2.875
-3.793
-4.746
-5.726
-6.724
-7.735
-8.747
-9.753
-10.744
-11.712
-12.648
-13.544
-14.393
-15.186
-15.914
-16.571
-17.152
-17.65
-18.061
-18.38
-18.605
-18.738
-18.78
-18.735
-18.605
-18.397
-18.115
-17.767
-17.36
-16.9
-16.39
-15.837
-15.25
-14.641
-14.022
-13.406
-12.803
-12.223
-11.68
-11.186
-10.748
-10.369
-10.052
-9.8
-9.63
-9.566
-9.629
-9.832
-10.185
-10.691
-11.347
-12.143
-13.054
-14.031
-15.03
-16.007
-16.931
-17.789
-18.553
-19.186
-19.641
-19.857
-19.787
-19.412
-18.7
-17.634
-16.25
-14.601
-12.792
-10.98
-9.265
-7.743
-6.546
-5.775
-5.546
-5.996
-7.2
-9.271
-12.412
-16.681
-21.981
-28.057
-34.354
-40.267
-45.318
-48.883
-50.216
-48.966
-45.242
-39.702
-33.649
-28.36
-24.92
-24.349
-27.519
-34.788
-44.147
-52.605
-58.07
-57.019
-48.602
-32.513
-1.812
46.935
115.154
204.776
306.936
414.837
527.341
638.666
744.786
836.505
895.881
910.106
873.924
791.129
674.192
534.095
380.278
222.447
72.752
-51.017
-134.838
-173.326
-172.075
-145.882
-109.935
-77.119
-53.572
-41.585
-40.378
-43.704
-47.337
-47.707
-43.778
-39.955
-38.579
-39.981
-42.986
-44.286
-42.511
-38.189
-32.154
-25.579
-19.18
-13.295
-8.497
-5.209
-3.48
-3.076
-3.645
-4.924
-6.802
-9.269
-12.189
-15.371
-18.632
-21.755
-24.642
-27.273
-29.609
-31.641
-33.391
-34.889
-36.256
-37.716
-39.394
-41.345
-43.55
-45.869
-48.234
-50.652
-53.131
-55.711
-58.397
-61.14
-63.919
-66.733
-69.54
-72.282
-74.837
-77.005
-78.669
-79.781
-80.347
-80.452
-80.138
-79.402
-78.256
-76.713
-74.781
-72.477
-69.787
-66.66
-63.081
-59.057
-54.622
-49.848
-44.772
-39.397
-33.717
-27.696
-21.319
-14.585
-7.489
-0.02
7.818
16.009
24.518
33.284
42.26
51.407
60.687
70.069
79.515
88.975
98.402
107.745
116.953
125.975
134.757
143.242
151.379
159.121
166.425
173.256
179.577
185.352
190.547
195.132
199.079
202.361
204.955
206.838
207.993
208.408
208.073
206.986
205.145
202.556
199.227
195.171
190.406
184.953
178.835
172.081
164.721
156.79
148.323
139.361
129.944
120.117
109.923
99.41
88.626
77.619
66.439
55.132
43.749
32.338
20.945
9.618
-1.6
-12.663
-23.529
-34.158
-44.51
-54.549
-64.243
-73.56
-82.473
-90.959
-98.996
-106.566
-113.658
-120.258
-126.362
-131.964
-137.063
-141.664
-145.77
-149.391
-152.539
-155.226
-157.471
-159.29
-160.706
-161.739
-162.414
-162.756
-162.79
-162.542
-162.041
-161.312
-160.385
-159.286
-158.042
-156.68
-155.227
-153.706
-152.141
-150.556
-148.969
-147.402
-145.869
-144.387
-142.969
-141.625
-140.364
-139.192
-138.113
-137.13
-136.241
-135.445
-134.737
-134.111
-133.558
-133.068
-132.632
-132.237
-131.871
-131.518
-131.165
-130.798
-130.402
-129.96
-129.46
-128.886
-128.224
-127.46
-126.584
-125.582
-124.444
-123.162
-121.727
-120.133
-118.376
-116.452
-114.361
-112.104
-109.682
-107.1
-104.366
-101.488
-98.475
-95.341
-92.099
-88.766
-85.359
-81.896
-78.396
-74.882
-71.373
-67.892
-64.461
-61.102
-57.838
-54.691
-51.682
-48.832
-46.162
-43.69
-41.435
-39.414
-37.641
-36.131
-34.894
-33.943
-33.285
-32.926
-32.87
-33.121
-33.679
-34.54
-35.701
-37.157
-38.897
-40.911
-43.187
-45.708
-48.458
-51.418
-54.567
-57.884
-61.345
-64.925
-68.6
-72.343
-76.128
-79.928
-83.717
-87.466
-91.15
-94.744
-98.222
-101.56
-104.734
-107.723
-110.506
-113.066
-115.384
-117.445
-119.234
-120.74
-121.952
-122.86
-123.459
-123.743
-123.708
-123.353
-122.681
-121.696
-120.401
-118.805
-116.917
-114.747
-112.31
-109.619
-106.691
-103.541
-100.188
-96.651
-92.952
-89.112
-85.15
-81.089
-76.95
-72.756
-68.527
-64.287
-60.053
-55.848
-51.69
-47.599
-43.595
-39.696
-35.921
-32.287
-28.813
-25.52
-22.424
-19.542
-16.891
-14.483
-12.332
-10.45
-8.843
-7.517
-6.475
-5.72
-5.257
-5.088
-5.215
-5.637
-6.353
-7.359
-8.656
-10.236
-12.082
-14.181
-16.521
-19.094
-21.906
-24.954
-28.226
-31.708
-35.387
-39.24
-43.238
-47.333
-51.453
-55.536
-59.519
-63.358
-67.027
-70.483
-73.675
-76.545
-79.023
-81.072
-82.681
-83.827
-84.48
-84.655
-84.412
-83.872
-83.221
-82.585
-82.037
-81.666
-81.543
-81.775
-82.483
-83.753
-85.641
-88.234
-91.656
-95.931
-101.016
-106.665
-112.336
-117.426
-121.316
-123.27
-122.56
-118.932
-112.378
-103.122
-92.366
-81.425
-71.463
-64.534
-61.107
-58.94
-56.456
-51.879
-45.971
-44.105
-46.759
-48.504
-37.705
2.177
78.595
189.297
324.217
468.058
610.16
740.88
848.716
921.708
948.385
923.757
852.765
746.465
615.046
468.14
314.368
164.992
38.144
-52.717
-102.618
-118.11
-117.384
-113.86
-113.37
-115.048
-111.898
-102.312
-89.733
-77.836
-70.815
-69.621
-72.432
-77.845
-84.36
-90.331
-94.474
-95.975
-94.68
-91.146
-86.253
-80.713
-75.081
-69.988
-66.104
-63.846
-63.344
-64.474
-66.923
-70.403
-74.707
-79.619
-84.871
-90.238
-95.497
-100.416
-104.869
-108.766
-112.02
-114.595
-116.464
-117.601
-118.029
-117.809
-117
-115.667
-113.867
-111.638
-109.042
-106.157
-103.063
-99.852
-96.587
-93.299
-90.015
-86.747
-83.498
-80.268
-77.036
-73.763
-70.419
-66.981
-63.429
-59.75
-55.925
-51.926
-47.729
-43.312
-38.656
-33.746
-28.571
-23.119
-17.381
-11.356
-5.045
1.546
8.411
15.547
22.95
30.611
38.521
46.667
55.036
63.613
72.379
81.31
90.381
99.564
108.831
118.151
127.493
136.821
146.103
155.302
164.383
173.31
182.046
190.555
198.799
206.744
214.354
221.595
228.436
234.844
240.79
246.248
251.192
255.601
259.453
262.732
265.421
267.508
268.986
269.848
270.09
269.713
268.721
267.121
264.922
262.14
258.788
254.888
250.458
245.524
240.112
234.248
227.962
221.285
214.249
206.887
199.235
191.325
183.193
174.875
166.404
157.817
149.145
140.424
131.685
122.961
114.28
105.674
97.169
88.791
80.566
72.516
64.662
57.023
49.615
42.453
35.549
28.913
22.554
16.478
10.688
5.188
-0.023
-4.947
-9.586
-13.944
-18.029
-21.847
-25.407
-28.718
-31.79
-34.634
-37.262
-39.684
-41.914
-43.963
-45.844
-47.57
-49.154
-50.607
-51.942
-53.172
-54.308
-55.361
-56.342
-57.262
-58.129
-58.952
-59.739
-60.497
-61.232
-61.949
-62.653
-63.347
-64.033
-64.714
-65.389
-66.06
-66.725
-67.383
-68.033
-68.671
-69.297
-69.905
-70.495
-71.06
-71.599
-72.107
-72.58
-73.014
-73.404
-73.748
-74.041
-74.278
-74.456
-74.57
-74.619
-74.597
-74.503
-74.333
-74.085
-73.757
-73.348
-72.857
-72.282
-71.624
-70.883
-70.061
-69.157
-68.175
-67.117
-65.984
-64.78
-63.509
-62.173
-60.777
-59.326
-57.823
-56.274
-54.683
-53.056
-51.397
-49.712
-48.007
-46.287
-44.558
-42.825
-41.093
-39.369
-37.658
-35.965
-34.295
-32.654
-31.046
-29.475
-27.946
-26.463
-25.028
-23.646
-22.319
-21.049
-19.84
-18.694
-17.611
-16.594
-15.642
-14.756
-13.937
-13.182
-12.492
-11.865
-11.299
-10.792
-10.34
-9.942
-9.593
-9.289
-9.026
-8.799
-8.602
-8.431
-8.28
-8.143
-8.013
-7.885
-7.755
-7.615
-7.46
-7.286
-7.085
-6.853
-6.585
-6.274
-5.916
-5.504
-5.034
-4.501
-3.901
-3.231
-2.487
-1.667
-0.768
0.211
1.27
2.41
3.631
4.932
6.311
7.764
9.287
10.875
12.523
14.223
15.967
17.748
19.555
21.379
23.212
25.043
26.86
28.653
30.409
32.117
33.761
35.327
36.796
38.149
39.37
40.44
41.342
42.058
42.572
42.872
42.946
42.787
42.383
41.723
40.795
39.591
38.104
36.33
34.267
31.911
29.263
26.33
23.127
19.663
15.941
11.959
7.701
3.164
-1.644
-6.711
-12.021
-17.55
-23.273
-29.138
-35.071
-41.004
-46.871
-52.62
-58.215
-63.595
-68.679
-73.388
-77.626
-81.325
-84.453
-86.982
-88.882
-90.17
-90.872
-91.053
-90.864
-90.442
-89.924
-89.472
-89.208
-89.272
-89.875
-91.272
-93.616
-96.887
-100.852
-105.089
-109.198
-112.861
-115.662
-116.967
-116.326
-113.817
-110.046
-106.223
-103.574
-102.699
-104.082
-108.433
-115.876
-125.529
-135.464
-142.336
-142.463
-133.16
-111.927
-76.018
-23.604
45.796
130.894
227.957
332.016
438.361
541.474
634.688
711.428
765.74
794.324
797.35
776.045
731.126
661.582
566.234
448.297
317.811
191.536
86.759
13.905
-27.243
-47.471
-58.646
-67.942
-77.146
-82.419
-82.104
-78.578
-74.833
-74.344
-78.492
-86.335
-96.456
-107.194
-116.35
-121.7
-122.28
-118.4
-111.253
-102.201
-92.351
-82.752
-74.987
-70.992
-71.752
-76.971
-85.457
-96.025
-107.907
-120.484
-132.893
-143.89
-152.63
-159.113
-163.959
-167.758
-170.784
-173.105
-174.807
-176.228
-177.656
-179.044
-180.091
-180.514
-180.203
-179.212
-177.671
-175.637
-173.139
-170.266
-167.168
-163.99
-160.818
-157.681
-154.558
-151.432
-148.3
-145.16
-142.001
-138.805
-135.556
-132.236
-128.832
-125.324
-121.688
-117.901
-113.945
-109.805
-105.466
-100.915
-96.132
-91.109
-85.848
-80.354
-74.633
-68.7
-62.567
-56.259
-49.823
-43.303
-36.74
-30.174
-23.611
-17.061
-10.537
-4.056
2.361
8.711
15.033
21.372
27.764
34.26
40.901
47.743
54.897
62.443
70.44
78.939
87.918
97.34
107.183
117.41
127.972
138.792
149.703
160.498
171.003
181.018
190.354
198.808
206.095
211.985
216.303
218.897
219.708
218.707
215.836
211.059
204.374
195.8
185.486
173.659
160.509
146.274
131.201
115.561
99.728
84.023
68.688
53.937
39.905
26.708
14.511
3.467
-6.303
-14.668
-21.61
-27.191
-31.438
-34.441
-36.319
-37.223
-37.402
-37.071
-36.366
-35.393
-34.213
-32.877
-31.486
-30.141
-28.923
-27.944
-27.264
-26.904
-26.91
-27.286
-28.004
-29.011
-30.192
-31.452
-32.754
-34.086
-35.457
-36.884
-38.361
-39.886
-41.481
-43.141
-44.865
-46.661
-48.52
-50.458
-52.51
-54.719
-57.145
-59.836
-62.819
-66.111
-69.73
-73.689
-77.994
-82.634
-87.578
-92.805
-98.291
-104.008
-109.911
-115.928
-121.981
-128.001
-133.922
-139.689
-145.23
-150.454
-155.263
-159.564
-163.287
-166.386
-168.818
-170.548
-171.567
-171.888
-171.556
-170.665
-169.306
-167.571
-165.578
-163.422
-161.198
-159.081
-157.284
-155.95
-155.116
-154.596
-153.995
-152.965
-151.204
-148.295
-143.735
-137.116
-128.31
-117.91
-107.187
-97.278
-89.086
-83.611
-81.597
-83.483
-89.487
-97.054
-102.243
-102.977
-96.21
-81.277
-58.26
-20.839
35.691
113.513
212.447
323.27
436.193
547.169
656.063
762.669
863.249
945.244
986.782
974.63
905.406
784.503
632.652
469.062
309.91
173.639
70.558
4.02
-29.181
-40.856
-43.37
-41.868
-34.838
-20.948
-1.843
15.73
20.983
11.144
-8.719
-32.164
-50.395
-60.672
-66.584
-69.707
-71.88
-73.563
-72.588
-68.814
-63.251
-56.672
-50.404
-45.356
-41.618
-39.285
-38.416
-38.814
-40.313
-42.775
-46.003
-49.829
-54.15
-58.868
-63.844
-68.935
-73.955
-78.688
-82.978
-86.727
-89.871
-92.378
-94.229
-95.423
-95.986
-95.972
-95.428
-94.394
-92.905
-90.991
-88.698
-86.092
-83.24
-80.218
-77.075
-73.838
-70.52
-67.122
-63.639
-60.054
-56.341
-52.464
-48.395
-44.115
-39.609
-34.868
-29.88
-24.631
-19.108
-13.303
-7.209
-0.829
5.835
12.774
19.975
27.421
35.089
42.953
50.987
59.162
67.452
75.828
84.257
92.709
101.147
109.539
117.847
126.034
134.06
141.885
149.471
156.777
163.767
170.401
176.646
182.467
187.833
192.713
197.08
200.91
204.183
206.88
208.986
210.491
211.386
211.67
211.341
210.403
208.865
206.738
204.036
200.779
196.988
192.687
187.905
182.672
177.02
170.984
164.601
157.909
150.947
143.758
136.382
128.86
121.234
113.545
105.835
98.142
90.504
82.959
75.54
68.28
61.211
54.36
47.753
41.413
35.359
29.609
24.178
19.077
14.313
9.893
5.819
2.091
-1.295
-4.343
-7.062
-9.462
-11.555
-13.356
-14.878
-16.14
-17.158
-17.953
-18.543
-18.949
-19.191
-19.289
-19.263
-19.134
-18.921
-18.643
-18.317
-17.961
-17.591
-17.221
-16.866
-16.537
-16.247
-16.005
-15.819
-15.697
-15.644
-15.665
-15.762
-15.936
-16.187
-16.515
-16.917
-17.389
-17.928
-18.528
-19.183
-19.888
-20.635
-21.418
-22.229
-23.06
-23.904
-24.753
-25.6
-26.436
-27.255
-28.051
-28.817
-29.548
-30.238
-30.881
-31.475
-32.014
-32.495
-32.916
-33.274
-33.567
-33.795
-33.956
-34.051
-34.081
-34.048
-33.951
-33.795
-33.581
-33.313
-32.993
-32.625
-32.214
-31.764
-31.279
-30.764
-30.225
-29.667
-29.095
-28.516
-27.934
-27.356
-26.788
-26.235
-25.703
-25.199
-24.727
-24.295
-23.907
-23.569
-23.287
-23.065
-22.909
-22.823
-22.812
-22.878
-23.026
-23.259
-23.579
-23.989
-24.491
-25.087
-25.776
-26.561
-27.44
-28.413
-29.478
-30.633
-31.875
-33.201
-34.605
-36.082
-37.627
-39.234
-40.894
-42.599
-44.343
-46.114
-47.904
-49.703
-51.5
-53.286
-55.049
-56.78
-58.467
-60.101
-61.672
-63.17
-64.586
-65.912
-67.138
-68.258
-69.264
-70.15
-70.91
-71.539
-72.034
-72.391
-72.61
-72.688
-72.626
-72.427
-72.092
-71.626
-71.033
-70.32
-69.495
-68.565
-67.541
-66.432
-65.249
-64.005
-62.712
-61.381
-60.027
-58.662
-57.299
-55.951
-54.629
-53.346
-52.114
-50.943
-49.843
-48.823
-47.894
-47.061
-46.333
-45.716
-45.214
-44.833
-44.576
-44.444
-44.439
-44.56
-44.807
-45.178
-45.667
-46.273
-46.988
-47.808
-48.723
-49.729
-50.814
-51.972
-53.191
-54.464
-55.779
-57.128
-58.502
-59.891
-61.288
-62.684
-64.073
-65.449
-66.806
-68.14
-69.445
-70.72
-71.96
-73.163
-74.329
-75.456
-76.544
-77.591
-78.6
-79.571
-80.507
-81.408
-82.276
-83.114
-83.923
-84.706
-85.465
-86.2
-86.914
-87.607
-88.281
-88.937
-89.574
-90.191
-90.787
-91.358
-91.9
-92.41
-92.881
-93.305
-93.675
-93.982
-94.217
-94.372
-94.436
-94.398
-94.249
-93.979
-93.578
-93.036
-92.345
-91.496
-90.48
-89.293
-87.928
-86.382
-84.654
-82.743
-80.654
-78.391
-75.96
-73.371
-70.634
-67.76
-64.761
-61.651
-58.443
-55.152
-51.796
-48.393
-44.967
-41.544
-38.149
-34.808
-31.547
-28.392
-25.37
-22.507
-19.82
-17.325
-15.043
-13.002
-11.241
-9.797
-8.689
-7.932
-7.535
-7.499
-7.82
-8.479
-9.431
-10.628
-12.028
-13.596
-15.32
-17.181
-19.139
-21.129
-23.064
-24.877
-26.538
-28.025
-29.317
-30.41
-31.317
-32.117
-32.948
-33.92
-35.124
-36.633
-38.497
-40.812
-43.702
-47.282
-51.709
-57.155
-63.653
-71.105
-79.261
-87.657
-95.796
-103.209
-109.285
-113.292
-114.782
-113.793
-110.896
-107.231
-103.933
-101.628
-100.831
-102.308
-106.474
-112.787
-119.574
-123.748
-121.889
-111.632
-90.798
-56.756
-7.12
59.762
142.272
234.921
332.165
428.799
523.963
621.33
718.175
808.409
879.889
911.538
893.147
822.419
703.276
554.632
393.401
234.752
97.254
-9.305
-80.477
-116.04
-124.461
-114.781
-93.598
-68.739
-47.934
-37.643
-42.563
-60.673
-82.796
-100.547
-109.492
-110.32
-109.05
-109.693
-112.245
-115.298
-116.278
-114.186
-110.118
-105.137
-100.07
-95.534
-91.863
-89.303
-88.055
-88.07
-89.074
-90.847
-93.225
-96.036
-99.122
-102.301
-105.383
-108.196
-110.568
-112.359
-113.476
-113.857
-113.484
-112.354
-110.467
-107.862
-104.613
-100.8
-96.504
-91.798
-86.734
-81.389
-75.849
-70.21
-64.577
-59.025
-53.599
-48.34
-43.272
-38.41
-33.765
-29.326
-25.067
-20.967
-17.01
-13.183
-9.479
-5.88
-2.36
1.105
4.538
7.96
11.392
14.851
18.358
21.93
25.579
29.317
33.15
37.088
41.145
45.329
49.651
54.118
58.735
63.508
68.44
73.531
78.776
84.17
89.704
95.366
101.143
107.021
112.98
119.001
125.064
131.144
137.218
143.26
149.242
155.136
160.914
166.547
172.007
177.263
182.288
187.052
191.53
195.695
199.521
202.985
206.065
208.739
210.988
212.797
214.15
215.035
215.441
215.361
214.789
213.725
212.168
210.122
207.592
204.587
201.118
197.198
192.844
188.072
182.902
177.355
171.455
165.227
158.695
151.886
144.829
137.55
130.08
122.446
114.678
106.806
98.856
90.859
82.842
74.833
66.858
58.944
51.114
43.393
35.803
28.366
21.101
14.027
7.159
0.514
-5.897
-12.061
-17.969
-23.614
-28.99
-34.093
-38.921
-43.474
-47.753
-51.761
-55.502
-58.982
-62.206
-65.183
-67.922
-70.431
-72.722
-74.804
-76.691
-78.393
-79.923
-81.295
-82.52
-83.612
-84.583
-85.448
-86.218
-86.907
-87.526
-88.087
-88.602
-89.081
-89.533
-89.967
-90.39
-90.808
-91.226
-91.648
-92.075
-92.509
-92.95
-93.396
-93.844
-94.29
-94.73
-95.158
-95.567
-95.949
-96.298
-96.603
-96.855
-97.046
-97.164
-97.199
-97.14
-96.977
-96.699
-96.295
-95.753
-95.065
-94.218
-93.205
-92.017
-90.644
-89.082
-87.323
-85.365
-83.205
-80.842
-78.276
-75.511
-72.551
-69.403
-66.074
-62.574
-58.916
-55.111
-51.176
-47.125
-42.977
-38.75
-34.465
-30.142
-25.803
-21.471
-17.17
-12.923
-8.755
-4.69
-0.753
3.03
6.636
10.04
13.218
16.149
18.809
21.18
23.242
24.977
26.372
27.414
28.092
28.398
28.326
27.873
27.04
25.829
24.243
22.29
19.98
17.324
14.338
11.037
7.441
3.57
-0.553
-4.904
-9.455
-14.181
-19.052
-24.04
-29.113
-34.24
-39.39
-44.532
-49.632
-54.661
-59.585
-64.375
-69
-73.432
-77.645
-81.614
-85.315
-88.728
-91.835
-94.621
-97.071
-99.176
-100.926
-102.316
-103.341
-104.002
-104.301
-104.243
-103.833
-103.083
-102.004
-100.613
-98.925
-96.96
-94.738
-92.281
-89.61
-86.752
-83.731
-80.575
-77.309
-73.963
-70.569
-67.161
-63.772
-60.432
-57.174
-54.028
-51.023
-48.187
-45.541
-43.099
-40.879
-38.896
-37.165
-35.702
-34.516
-33.613
-32.998
-32.676
-32.647
-32.908
-33.447
-34.247
-35.293
-36.578
-38.102
-39.872
-41.889
-44.142
-46.615
-49.289
-52.137
-55.125
-58.197
-61.276
-64.29
-67.174
-69.87
-72.331
-74.492
-76.282
-77.63
-78.463
-78.717
-78.352
-77.357
-75.733
-73.523
-70.783
-67.577
-64.035
-60.317
-56.586
-53.028
-49.81
-47.067
-44.974
-43.795
-43.646
-44.489
-46.115
-47.989
-49.568
-50.487
-50.251
-48.24
-44.205
-38.299
-31.145
-24.236
-18.994
-16.24
-16.852
-21.598
-30.27
-41.704
-53.72
-62.632
-64.488
-55.982
-33.763
5.626
63.168
136.57
222.793
317.098
416.556
523.495
637.189
750.725
852.359
923.029
945.436
914.581
833.425
712.049
566.56
409.768
254.794
119.002
14.694
-51.904
-80.752
-84.93
-77.995
-66.282
-56.923
-49.104
-41.208
-38.439
-39.02
-42.049
-47.942
-52.352
-56.256
-61.141
-65.643
-69.744
-71.783
-70.237
-65.63
-58.721
-50.526
-42.022
-33.85
-26.62
-20.753
-16.448
-13.691
-12.249
-11.921
-12.536
-13.888
-15.806
-18.147
-20.763
-23.529
-26.296
-28.868
-31.101
-32.907
-34.228
-35.042
-35.337
-35.107
-34.395
-33.273
-31.809
-30.065
-28.086
-25.907
-23.584
-21.187
-18.792
-16.479
-14.297
-12.274
-10.43
-8.77
-7.291
-5.98
-4.804
-3.718
-2.686
-1.679
-0.67
0.365
1.456
2.637
3.938
5.39
7.018
8.846
10.896
13.187
15.734
18.547
21.633
24.995
28.638
32.563
36.772
41.265
46.039
51.087
56.401
61.972
67.786
73.825
80.069
86.494
93.077
99.788
106.599
113.478
120.391
127.304
134.182
140.988
147.685
154.235
160.603
166.751
172.643
178.246
183.524
188.445
192.98
197.099
200.776
203.986
206.709
208.926
210.62
211.779
212.392
212.454
211.961
210.91
209.307
207.155
204.466
201.252
197.528
193.314
188.632
183.505
177.961
172.028
165.738
159.122
152.214
145.05
137.666
130.097
122.382
114.557
106.659
98.726
90.795
82.9
75.076
67.357
59.773
52.356
45.134
38.133
31.378
24.89
18.691
12.798
7.227
1.989
-2.903
-7.443
-11.625
-15.447
-18.909
-22.012
-24.763
-27.166
-29.232
-30.969
-32.392
-33.513
-34.349
-34.915
-35.23
-35.314
-35.186
-34.868
-34.38
-33.743
-32.981
-32.114
-31.164
-30.152
-29.098
-28.023
-26.946
-25.886
-24.86
-23.885
-22.976
-22.147
-21.411
-20.779
-20.26
-19.863
-19.593
-19.456
-19.455
-19.593
-19.871
-20.287
-20.841
-21.529
-22.347
-23.289
-24.349
-25.519
-26.79
-28.153
-29.598
-31.113
-32.689
-34.313
-35.973
-37.658
-39.356
-41.054
-42.741
-44.404
-46.032
-47.614
-49.139
-50.598
-51.983
-53.284
-54.495
-55.609
-56.621
-57.527
-58.322
-59.004
-59.571
-60.021
-60.354
-60.572
-60.674
-60.665
-60.548
-60.327
-60.006
-59.591
-59.089
-58.505
-57.848
-57.124
-56.342
-55.511
-54.638
-53.734
-52.808
-51.869
-50.927
-49.991
-49.07
-48.172
-47.307
-46.481
-45.703
-44.978
-44.314
-43.716
-43.191
-42.742
-42.375
-42.093
-41.899
-41.795
-41.782
-41.862
-42.034
-42.298
-42.652
-43.097
-43.628
-44.245
-44.943
-45.719
-46.568
-47.485
-48.464
-49.499
-50.582
-51.705
-52.861
-54.042
-55.24
-56.446
-57.653
-58.851
-60.033
-61.192
-62.318
-63.405
-64.444
-65.427
-66.35
-67.206
-67.989
-68.694
-69.318
-69.857
-70.311
-70.677
-70.954
-71.143
-71.242
-71.254
-71.181
-71.027
-70.797
-70.496
-70.133
-69.721
-69.272
-68.8
-68.318
-67.842
-67.385
-66.965
-66.594
-66.284
-66.044
-65.888
-65.831
-65.89
-66.077
-66.404
-66.881
-67.518
-68.326
-69.314
-70.483
-71.827
-73.345
-75.042
-76.93
-79.033
-81.359
-83.911
-86.684
-89.673
-92.869
-96.257
-99.803
-103.45
-107.145
-110.844
-114.516
-118.135
-121.655
-125.011
-128.127
-130.928
-133.361
-135.397
-137.004
-138.157
-138.862
-139.145
-139.064
-138.721
-138.214
-137.629
-137.078
-136.671
-136.516
-136.788
-137.703
-139.384
-141.833
-144.877
-148.139
-151.204
-153.693
-155.131
-154.961
-152.836
-148.749
-143.246
-137.463
-132.629
-129.783
-129.793
-133.357
-140.71
-151.37
-163.69
-174.829
-181.454
-180.161
-167.896
-142.083
-100.483
-41.815
33.428
123.301
223.126
325.795
424.879
513.87
590.166
655.818
709.927
750.594
769.535
751.505
688.602
576.821
422.817
249.025
77.6
-66.005
-161.049
-205.666
-207.051
-182.748
-154.733
-133.289
-120.934
-114.447
-106.878
-97.079
-87.314
-79.943
-77.632
-80.143
-85.439
-91.728
-97.074
-100.093
-100.384
-98.076
-93.731
-88.207
-82.28
-76.578
-71.697
-68.193
-66.363
-66.261
-67.772
-70.624
-74.546
-79.339
-84.81
-90.756
-97.012
-103.395
-109.696
-115.781
-121.558
-126.95
-131.926
-136.447
-140.474
-144.013
-147.105
-149.791
-152.117
-154.111
-155.785
-157.167
-158.302
-159.244
-160.059
-160.784
-161.43
-162
-162.486
-162.875
-163.15
-163.274
-163.193
-162.862
-162.245
-161.311
-160.04
-158.401
-156.361
-153.892
-150.967
-147.567
-143.679
-139.29
-134.393
-128.984
-123.069
-116.656
-109.763
-102.404
-94.595
-86.356
-77.708
-68.674
-59.282
-49.561
-39.54
-29.254
-18.739
-8.035
2.817
13.775
24.795
35.834
46.846
57.785
68.608
79.268
89.724
99.931
109.847
119.432
128.646
137.455
145.822
153.718
161.112
167.979
174.296
180.045
185.208
189.773
193.729
197.071
199.793
201.895
203.38
204.25
204.512
204.176
203.254
201.759
199.708
197.119
194.012
190.41
186.337
181.818
176.878
171.544
165.844
159.805
153.456
146.827
139.943
132.834
125.528
118.052
110.432
102.695
94.864
86.963
79.015
71.04
63.059
55.089
47.148
39.252
31.417
23.657
15.988
8.422
0.973
-6.347
-13.527
-20.557
-27.428
-34.138
-40.682
-47.057
-53.262
-59.295
-65.155
-70.842
-76.354
-81.683
-86.824
-91.775
-96.536
-101.108
-105.489
-109.679
-113.674
-117.476
-121.085
-124.503
-127.722
-130.732
-133.529
-136.115
-138.505
-140.722
-142.784
-144.698
-146.472
-148.114
-149.631
-151.02
-152.263
-153.318
-154.145
-154.712
-154.999
-154.989
-154.645
-153.916
-152.741
-151.061
-148.84
-146.066
-142.733
-138.844
-134.435
-129.556
-124.286
-118.764
-113.136
-107.555
-102.188
-97.197
-92.739
-89.03
-86.368
-84.92
-84.665
-85.381
-86.588
-87.805
-88.699
-88.833
-87.571
-84.569
-79.947
-74.4
-69.43
-66.464
-66.3
-69.629
-77.097
-88.666
-103.377
-118.986
-131.629
-137.35
-132.794
-114.682
-80.022
-26.309
46.291
133.851
231.023
331.694
433.177
538.598
647.456
754.007
847.293
905.744
911.516
858.692
747.878
594.223
421.551
250.199
103.408
-0.519
-57.882
-71.894
-56.784
-32.733
-10.178
6.372
18.539
32.581
48.643
63.984
75.854
80.596
78.07
70.575
60.008
48.854
39.199
31.684
26.594
23.851
22.759
22.631
22.864
22.673
21.376
18.694
14.561
9.101
2.621
-4.638
-12.444
-20.501
-28.515
-36.239
-43.526
-50.308
-56.545
-62.193
-67.198
-71.521
-75.164
-78.155
-80.513
-82.26
-83.42
-84.016
-84.103
-83.747
-83.015
-81.989
-80.724
-79.26
-77.634
-75.874
-73.994
-72.011
-69.925
-67.722
-65.398
-62.953
-60.382
-57.69
-54.871
-51.918
-48.822
-45.573
-42.16
-38.579
-34.825
-30.895
-26.788
-22.505
-18.05
-13.431
-8.656
-3.728
1.348
6.568
11.929
17.423
23.046
28.79
34.648
40.608
46.661
52.79
58.983
65.224
71.497
77.785
84.071
90.337
96.562
102.727
108.81
114.787
120.636
126.331
131.846
137.156
142.236
147.061
151.609
155.856
159.781
163.364
166.584
169.424
171.867
173.895
175.495
176.654
177.362
177.611
177.396
176.713
175.563
173.948
171.872
169.342
166.367
162.958
159.13
154.897
150.279
145.296
139.973
134.337
128.42
122.254
115.874
109.313
102.609
95.802
88.93
82.027
75.125
68.251
61.436
54.714
48.121
41.692
35.46
29.461
23.736
18.329
13.281
8.626
4.383
0.561
-2.828
-5.76
-8.208
-10.133
-11.508
-12.33
-12.592
-12.285
-11.419
-10.007
-8.099
-5.806
-3.196
-0.303
2.857
6.324
10.094
14.077
18.183
22.315
26.352
30.21
33.824
37.121
40.141
43.021
46.015
49.473
53.711
59.119
65.552
72.246
78.694
84.141
88.978
95.611
103.948
112.253
116.617
108.62
87.89
61.786
42.501
51.442
96.17
167.874
248.665
304.026
312.281
272.599
194.265
107.443
38.258
-4.213
-15.99
-8.779
1.764
9.549
9.013
1.177
-7.437
-14.387
-18.093
-18.868
-19.958
-23.029
-27.873
-33.432
-38.319
-41.937
-44.498
-46.334
-47.467
-47.596
-46.72
-45.231
-43.48
-41.746
-40.08
-38.341
-36.509
-34.725
-33.11
-31.676
-30.387
-29.146
-27.841
-26.469
-25.043
-23.557
-22.011
-20.401
-18.725
-17.019
-15.349
-13.758
-12.269
-10.884
-9.569
-8.323
-7.173
-6.157
-5.336
-4.757
-4.444
-4.426
-4.736
-5.395
-6.416
-7.794
-9.5
-11.516
-13.83
-16.435
-19.329
-22.504
-25.94
-29.613
-33.497
-37.563
-41.782
-46.121
-50.54
-55.005
-59.482
-63.944
-68.366
-72.723
-76.988
-81.134
-85.136
-88.969
-92.61
-96.034
-99.219
-102.143
-104.789
-107.142
-109.191
-110.925
-112.338
-113.426
-114.186
-114.62
-114.73
-114.523
-114.006
-113.19
-112.087
-110.713
-109.085
-107.223
-105.147
-102.881
-100.449
-97.876
-95.188
-92.412
-89.573
-86.699
-83.816
-80.949
-78.125
-75.367
-72.7
-70.148
-67.733
-65.477
-63.397
-61.512
-59.837
-58.384
-57.165
-56.188
-55.46
-54.984
-54.76
-54.789
-55.066
-55.586
-56.34
-57.317
-58.504
-59.887
-61.448
-63.168
-65.026
-67.002
-69.072
-71.213
-73.4
-75.61
-77.816
-79.994
-82.117
-84.162
-86.104
-87.918
-89.58
-91.069
-92.362
-93.441
-94.289
-94.889
-95.227
-95.29
-95.07
-94.56
-93.753
-92.647
-91.241
-89.538
-87.541
-85.259
-82.702
-79.88
-76.808
-73.503
-69.984
-66.271
-62.386
-58.353
-54.196
-49.94
-45.615
-41.247
-36.865
-32.5
-28.182
-23.945
-19.824
-15.851
-12.06
-8.483
-5.15
-2.091
0.668
3.103
5.196
6.93
8.289
9.254
9.81
9.946
9.654
8.929
7.769
6.172
4.146
1.709
-1.12
-4.323
-7.89
-11.821
-16.11
-20.741
-25.695
-30.946
-36.458
-42.191
-48.088
-54.065
-60.044
-65.95
-71.719
-77.308
-82.664
-87.716
-92.385
-96.577
-100.218
-103.269
-105.679
-107.398
-108.436
-108.824
-108.652
-108.063
-107.14
-105.959
-104.622
-103.234
-101.943
-100.928
-100.31
-100.243
-100.967
-102.548
-104.914
-107.817
-110.598
-112.553
-113.141
-111.685
-107.489
-100.354
-90.522
-78.851
-67.175
-57.26
-50.291
-47.404
-49.444
-56.258
-66.587
-77.712
-85.185
-84.474
-71.674
-43.044
4.624
73.489
162.584
267.377
381.892
499.015
615.064
730.021
838.923
934.209
1004.379
1033.055
1013.163
945.964
837.086
698.631
542.274
378.449
222.709
93.344
2.045
-47.26
-62.844
-63.779
-62.955
-65.628
-70.681
-70.944
-64.782
-55.688
-47.244
-43.366
-44.889
-49.95
-56.991
-64.454
-70.699
-74.418
-74.829
-71.84
-66.023
-58.352
-49.721
-40.826
-32.407
-25.199
-19.634
-15.876
-13.866
-13.338
-14.045
-15.804
-18.402
-21.619
-25.295
-29.26
-33.334
-37.359
-41.148
-44.555
-47.502
-49.934
-51.824
-53.176
-54.015
-54.396
-54.405
-54.113
-53.58
-52.864
-52.011
-51.087
-50.169
-49.332
-48.653
-48.181
-47.94
-47.944
-48.192
-48.667
-49.341
-50.171
-51.103
-52.091
-53.096
-54.079
-55.005
-55.835
-56.526
-57.037
-57.329
-57.366
-57.114
-56.543
-55.625
-54.338
-52.664
-50.588
-48.099
-45.19
-41.851
-38.075
-33.86
-29.203
-24.109
-18.583
-12.634
-6.276
0.473
7.591
15.053
22.829
30.886
39.191
47.704
56.385
65.192
74.081
83.005
91.917
100.77
109.515
118.104
126.489
134.622
142.455
149.945
157.045
163.715
169.913
175.602
180.748
185.316
189.279
192.61
195.286
197.289
198.603
199.216
199.12
198.312
196.792
194.565
191.64
188.028
183.745
178.812
173.25
167.086
160.349
153.068
145.278
137.015
128.316
119.218
109.764
99.993
89.948
79.671
69.205
58.591
47.873
37.093
26.29
15.505
4.777
-5.857
-16.362
-26.703
-36.849
-46.769
-56.435
-65.823
-74.909
-83.672
-92.094
-100.16
-107.856
-115.172
-122.098
-128.629
-134.759
-140.488
-145.814
-150.739
-155.265
-159.396
-163.14
-166.502
-169.492
-172.118
-174.391
-176.323
-177.925
-179.21
-180.19
-180.88
-181.291
-181.439
-181.336
-180.996
-180.431
-179.655
-178.679
-177.517
-176.178
-174.674
-173.016
-171.212
-169.271
-167.203
-165.014
-162.712
-160.304
-157.798
-155.199
-152.513
-149.747
-146.906
-143.995
-141.021
-137.987
-134.899
-131.761
-128.578
-125.354
-122.092
-118.798
-115.475
-112.126
-108.757
-105.371
-101.972
-98.564
-95.152
-91.74
-88.332
-84.933
-81.549
-78.183
-74.842
-71.531
-68.255
-65.019
-61.83
-58.692
-55.61
-52.59
-49.636
-46.752
-43.942
-41.211
-38.561
-35.999
-33.525
-31.145
-28.862
-26.678
-24.598
-22.624
-20.76
-19.009
-17.374
-15.857
-14.462
-13.191
-12.047
-11.032
-10.148
-9.397
-8.781
-8.302
-7.96
-7.757
-7.692
-7.765
-7.978
-8.33
-8.82
-9.448
-10.213
-11.114
-12.151
-13.322
-14.626
-16.061
-17.623
-19.31
-21.118
-23.043
-25.079
-27.221
-29.462
-31.794
-34.212
-36.706
-39.267
-41.885
-44.551
-47.254
-49.982
-52.725
-55.47
-58.205
-60.917
-63.594
-66.225
-68.796
-71.295
-73.708
-76.024
-78.231
-80.317
-82.271
-84.081
-85.735
-87.224
-88.54
-89.674
-90.618
-91.367
-91.917
-92.267
-92.419
-92.374
-92.135
-91.706
-91.094
-90.306
-89.348
-88.226
-86.942
-85.506
-83.926
-82.214
-80.384
-78.447
-76.417
-74.307
-72.134
-69.913
-67.656
-65.365
-63.048
-60.718
-58.394
-56.105
-53.875
-51.718
-49.647
-47.675
-45.803
-44.025
-42.319
-40.639
-38.944
-37.204
-35.399
-33.519
-31.543
-29.434
-27.145
-24.635
-21.88
-18.866
-15.57
-11.984
-8.145
-4.131
-0.062
3.915
7.706
11.228
14.37
17.039
19.138
20.53
21.141
20.875
19.543
17.117
13.71
9.535
5.081
0.927
-2.48
-4.5
-4.361
-1.881
2.704
8.855
15.45
21.337
25.614
27.235
24.972
19.766
14.723
11.659
12.399
16.913
21.985
31.224
53.341
95.867
166.318
261.003
366.445
471.065
565.966
650.616
727.172
792.716
838.987
851.695
822.221
751.02
644.112
513.172
369.663
223.278
87.586
-21.03
-92.669
-124.94
-126.121
-114.146
-101.108
-92.231
-87.229
-80.468
-70.87
-60.77
-52.42
-48.753
-49.967
-54.165
-59.794
-64.871
-67.684
-67.691
-64.823
-59.499
-52.581
-44.822
-36.83
-29.271
-22.784
-17.715
-14.17
-12.043
-11.052
-10.946
-11.532
-12.624
-13.998
-15.463
-16.828
-17.89
-18.533
-18.681
-18.267
-17.27
-15.679
-13.491
-10.743
-7.513
-3.873
0.103
4.346
8.81
13.425
18.105
22.761
27.293
31.628
35.721
39.537
43.054
46.258
49.145
51.728
54.04
56.109
57.954
59.594
61.043
62.321
63.459
64.485
65.427
66.311
67.161
67.999
68.848
69.729
70.658
71.648
72.709
73.854
75.094
76.443
77.912
79.508
81.24
83.111
85.127
87.287
89.588
92.023
94.585
97.262
100.04
102.906
105.84
108.823
111.833
114.847
117.84
120.788
123.661
126.431
129.071
131.552
133.844
135.919
137.748
139.305
140.562
141.496
142.083
142.303
142.137
141.566
140.578
139.161
137.306
135.007
132.259
129.062
125.42
121.339
116.827
111.897
106.564
100.847
94.767
88.348
81.618
74.603
67.336
59.846
52.171
44.344
36.403
28.385
20.327
12.268
4.247
-3.698
-11.53
-19.213
-26.712
-33.994
-41.026
-47.778
-54.222
-60.334
-66.091
-71.472
-76.456
-81.03
-85.18
-88.898
-92.178
-95.015
-97.408
-99.363
-100.888
-101.997
-102.703
-103.024
-102.978
-102.588
-101.879
-100.876
-99.6
-98.074
-96.323
-94.376
-92.265
-90.023
-87.679
-85.262
-82.805
-80.34
-77.898
-75.503
-73.171
-70.92
-68.773
-66.757
-64.914
-63.275
-61.86
-60.686
-59.767
-59.1
-58.679
-58.475
-58.434
-58.507
-58.65
-58.834
-59.039
-59.234
-59.37
-59.392
-59.241
-58.875
-58.268
-57.388
-56.217
-54.797
-53.2
-51.546
-49.983
-48.613
-47.533
-46.849
-46.652
-47.06
-48.204
-50.154
-53.026
-56.983
-62.017
-68.07
-74.885
-81.824
-88.256
-93.651
-97.293
-98.533
-97.256
-93.419
-87.553
-81.35
-76.106
-72.635
-72.308
-74.757
-78.575
-84.009
-89.069
-92.591
-94.195
-87.307
-66.369
-24.954
42.035
127.5
223.629
322.1
415.478
508.927
605.176
698.923
782.183
836.122
841.831
794.734
695.668
553.171
388.135
218.145
62.444
-56.386
-130.142
-158.142
-148.366
-118.984
-84.023
-54.603
-36.327
-29.69
-33.069
-40.41
-47.473
-50.95
-50.039
-48.891
-49.705
-52.982
-57.677
-60.586
-60.307
-57.152
-51.904
-45.818
-39.681
-33.902
-29.048
-25.523
-23.477
-22.865
-23.451
-25.028
-27.431
-30.492
-34.034
-37.866
-41.83
-45.781
-49.553
-53.002
-56.023
-58.535
-60.5
-61.896
-62.698
-62.91
-62.575
-61.732
-60.43
-58.703
-56.571
-54.072
-51.258
-48.193
-44.95
-41.577
-38.098
-34.533
-30.887
-27.162
-23.353
-19.44
-15.389
-11.174
-6.776
-2.182
2.615
7.626
12.868
18.355
24.098
30.101
36.365
42.889
49.67
56.7
63.964
71.444
79.117
86.961
94.954
103.072
111.29
119.58
127.912
136.257
144.583
152.856
161.041
169.099
176.992
184.68
192.126
199.289
206.129
212.609
218.689
224.335
229.512
234.185
238.324
241.899
244.883
247.253
248.987
250.069
250.482
250.217
249.264
247.621
245.288
242.268
238.568
234.198
229.174
223.511
217.232
210.359
202.921
194.946
186.469
177.524
168.149
158.385
148.274
137.859
127.185
116.298
105.243
94.067
82.814
71.532
60.264
49.056
37.949
26.985
16.203
5.643
-4.662
-14.676
-24.37
-33.714
-42.684
-51.257
-59.411
-67.13
-74.398
-81.203
-87.535
-93.389
-98.758
-103.641
-108.04
-111.958
-115.399
-118.372
-120.887
-122.956
-124.592
-125.81
-126.626
-127.058
-127.124
-126.844
-126.238
-125.326
-124.131
-122.672
-120.973
-119.053
-116.936
-114.641
-112.189
-109.6
-106.894
-104.089
-101.205
-98.258
-95.266
-92.246
-89.213
-86.182
-83.169
-80.186
-77.247
-74.363
-71.546
-68.807
-66.154
-63.597
-61.145
-58.804
-56.582
-54.485
-52.519
-50.688
-48.997
-47.448
-46.045
-44.789
-43.682
-42.725
-41.917
-41.26
-40.753
-40.394
-40.182
-40.116
-40.191
-40.406
-40.755
-41.236
-41.842
-42.568
-43.409
-44.358
-45.407
-46.55
-47.778
-49.083
-50.457
-51.889
-53.371
-54.892
-56.443
-58.013
-59.594
-61.174
-62.744
-64.296
-65.819
-67.305
-68.747
-70.134
-71.461
-72.72
-73.903
-75.006
-76.021
-76.945
-77.773
-78.5
-79.124
-79.643
-80.054
-80.357
-80.551
-80.636
-80.615
-80.489
-80.26
-79.933
-79.511
-79
-78.405
-77.733
-76.991
-76.185
-75.323
-74.412
-73.461
-72.477
-71.468
-70.441
-69.405
-68.367
-67.335
-66.315
-65.315
-64.342
-63.401
-62.5
-61.644
-60.839
-60.091
-59.404
-58.784
-58.234
-57.76
-57.365
-57.051
-56.822
-56.681
-56.628
-56.664
-56.791
-57.009
-57.316
-57.713
-58.199
-58.771
-59.428
-60.17
-60.992
-61.894
-62.873
-63.927
-65.052
-66.248
-67.51
-68.838
-70.227
-71.676
-73.181
-74.741
-76.351
-78.009
-79.711
-81.453
-83.232
-85.044
-86.884
-88.75
-90.637
-92.54
-94.457
-96.383
-98.314
-100.247
-102.177
-104.101
-106.015
-107.916
-109.799
-111.661
-113.498
-115.305
-117.08
-118.819
-120.517
-122.17
-123.775
-125.327
-126.821
-128.255
-129.624
-130.923
-132.151
-133.303
-134.376
-135.369
-136.279
-137.105
-137.844
-138.496
-139.059
-139.533
-139.918
-140.212
-140.417
-140.533
-140.56
-140.501
-140.357
-140.13
-139.823
-139.438
-138.979
-138.449
-137.851
-137.191
-136.471
-135.698
-134.876
-134.011
-133.11
-132.178
-131.224
-130.252
-129.27
-128.284
-127.3
-126.325
-125.364
-124.423
-123.507
-122.622
-121.774
-120.969
-120.211
-119.507
-118.861
-118.278
-117.761
-117.313
-116.938
-116.637
-116.413
-116.265
-116.197
-116.208
-116.3
-116.475
-116.731
-117.07
-117.49
-117.99
-118.566
-119.217
-119.939
-120.729
-121.586
-122.506
-123.489
-124.533
-125.639
-126.807
-128.035
-129.324
-130.672
-132.077
-133.539
-135.058
-136.633
-138.265
-139.955
-141.705
-143.52
-145.403
-147.36
-149.396
-151.516
-153.721
-156.017
-158.405
-160.89
-163.473
-166.154
-168.931
-171.806
-174.782
-177.864
-181.061
-184.376
-187.814
-191.375
-195.062
-198.875
-202.808
-206.852
-210.985
-215.193
-219.467
-223.809
-228.235
-232.757
-237.366
-242.046
-246.77
-251.494
-256.176
-260.767
-265.193
-269.39
-273.316
-276.948
-280.312
-283.448
-286.363
-289.025
-291.352
-293.245
-294.663
-295.614
-296.138
-296.297
-296.125
-295.645
-294.995
-294.376
-293.878
-293.411
-292.622
-291.078
-288.597
-285.346
-281.591
-277.407
-272.857
-268.187
-264.011
-261.084
-259.661
-259.163
-258.504
-256.895
-253.758
-248.481
-240.222
-227.94
-211.169
-190.495
-167.229
-142.422
-116.824
-91.135
-66.179
-43.096
-22.665
-4.845
10.936
25.097
37.741
48.843
58.468
67.026
74.875
82.001
88.148
93.101
96.881
99.727
101.895
103.494
104.561
105.203
105.637
106.14
106.956
108.204
109.901
112.023
114.562
117.533
120.91
124.619
128.522
132.446
136.278
139.964
143.471
146.767
149.802
152.5
154.797
156.676
158.139
159.192
159.836
160.049
159.825
159.193
158.221
156.986
155.544
153.932
152.18
150.33
148.451
146.605
144.835
143.158
141.575
140.109
138.806
137.722
136.918
136.426
136.247
136.388
136.867
137.651
138.682
139.854
141.017
142.079
142.977
143.625
143.944
143.821
143.114
141.74
139.594
136.491
132.404
127.443
121.848
116.23
111.248
107.402
105.337
105.749
108.825
114.348
121.627
129.071
135.159
138.931
139.328
135.484
127.618
116.926
105.635
97.518
96.601
106.292
130.064
171.316
230.82
306.113
393.979
489.428
589.169
694.994
805.809
914.924
1011.347
1077.112
1095.533
1061.544
978.48
856.947
713.337
561.082
412.115
280.395
178.436
114.425
90.105
98.476
123.849
151.162
170.829
177.615
176.322
175.092
177.995
188.571
204.16
218.252
228.366
232.714
231.599
228.118
223.394
217.929
212.735
207.614
202.385
197.394
192.718
188.566
185.227
182.398
179.318
175.562
170.974
165.5
159.237
152.115
144.06
135.351
126.504
117.925
109.855
102.373
95.427
89.049
83.3
78.149
73.506
69.265
65.346
61.725
58.414
55.397
52.623
50.021
47.528
45.108
42.752
40.457
38.227
36.066
33.993
32.038
30.232
28.6
27.163
25.934
24.926
24.158
23.652
23.433
23.525
23.947
24.714
25.837
27.324
29.181
31.41
34.006
36.967
40.289
43.968
48.001
52.381
57.099
62.143
67.502
73.158
79.093
85.285
91.709
98.342
105.155
112.121
119.208
126.385
133.62
140.878
148.125
155.325
162.443
169.442
176.284
182.935
189.36
195.522
201.389
206.928
212.108
216.901
221.28
225.221
228.701
231.7
234.2
236.187
237.648
238.574
238.956
238.792
238.08
236.822
235.023
232.69
229.834
226.468
222.607
218.269
213.475
208.247
202.609
196.586
190.207
183.501
176.497
169.229
161.726
154.023
146.151
138.142
130.031
121.847
113.622
105.387
97.17
89
80.903
72.906
65.033
57.307
49.748
42.377
35.211
28.265
21.555
15.092
8.885
2.945
-2.724
-8.117
-13.231
-18.065
-22.621
-26.899
-30.906
-34.645
-38.125
-41.352
-44.336
-47.087
-49.615
-51.931
-54.048
-55.975
-57.726
-59.312
-60.745
-62.037
-63.2
-64.246
-65.184
-66.027
-66.785
-67.467
-68.083
-68.641
-69.15
-69.616
-70.046
-70.445
-70.818
-71.169
-71.501
-71.815
-72.114
-72.398
-72.666
-72.918
-73.153
-73.368
-73.562
-73.73
-73.871
-73.981
-74.057
-74.095
-74.092
-74.044
-73.949
-73.804
-73.605
-73.349
-73.035
-72.659
-72.219
-71.714
-71.142
-70.502
-69.793
-69.015
-68.168
-67.254
-66.275
-65.231
-64.126
-62.964
-61.748
-60.483
-59.173
-57.825
-56.443
-55.033
-53.604
-52.161
-50.711
-49.261
-47.819
-46.39
-44.983
-43.603
-42.258
-40.953
-39.696
-38.491
-37.346
-36.267
-35.258
-34.325
-33.473
-32.706
-32.029
-31.444
-30.956
-30.565
-30.273
-30.082
-29.991
-30
-30.109
-30.315
-30.615
-31.005
-31.483
-32.043
-32.679
-33.387
-34.158
-34.988
-35.868
-36.793
-37.754
-38.744
-39.756
-40.781
-41.812
-42.84
-43.856
-44.851
-45.816
-46.742
-47.622
-48.446
-49.206
-49.895
-50.505
-51.029
-51.462
-51.798
-52.031
-52.158
-52.173
-52.076
-51.865
-51.539
-51.1
-50.549
-49.888
-49.121
-48.254
-47.292
-46.24
-45.106
-43.898
-42.624
-41.294
-39.919
-38.511
-37.084
-35.655
-34.243
-32.866
-31.544
-30.296
-29.142
-28.102
-27.195
-26.434
-25.834
-25.409
-25.174
-25.15
-25.351
-25.791
-26.483
-27.437
-28.664
-30.174
-31.97
-34.045
-36.397
-39.026
-41.939
-45.163
-48.71
-52.58
-56.772
-61.273
-66.065
-71.129
-76.421
-81.871
-87.41
-92.974
-98.508
-103.988
-109.364
-114.567
-119.518
-124.113
-128.283
-131.99
-135.196
-137.88
-140.054
-141.756
-143.072
-144.148
-145.11
-146.087
-147.218
-148.603
-150.382
-152.687
-155.679
-159.613
-164.596
-170.542
-177.213
-184.125
-190.739
-196.655
-201.326
-203.957
-204.128
-201.881
-197.777
-193.228
-189.568
-187.545
-187.875
-191.243
-197.738
-206.593
-215.767
-221.667
-220.645
-209.627
-185.656
-146.287
-89.335
-14.829
73.762
171.967
274.659
378.941
485.815
593.222
694.295
778.893
831.771
840.689
803.449
721.986
603.901
463.146
310.806
162.092
36.489
-56.336
-111.738
-134.702
-142.476
-145.339
-147.806
-150.448
-146.636
-135.395
-120.978
-106.861
-97.433
-94.401
-96.32
-101.797
-109.418
-117.202
-123.325
-126.812
-127.233
-124.847
-120.572
-115.156
-109.157
-103.368
-98.57
-95.201
-93.49
-93.374
-94.525
-96.693
-99.671
-103.219
-107.126
-111.204
-115.282
-119.205
-122.806
-125.947
-128.532
-130.491
-131.793
-132.42
-132.357
-131.629
-130.303
-128.446
-126.126
-123.396
-120.291
-116.866
-113.191
-109.341
-105.402
-101.432
-97.464
-93.525
-89.63
-85.784
-81.99
-78.228
-74.462
-70.666
-66.817
-62.899
-58.902
-54.807
-50.59
-46.228
-41.702
-36.997
-32.101
-27.001
-21.686
-16.152
-10.397
-4.423
1.764
8.157
14.753
21.545
28.525
35.683
43.006
50.481
58.091
65.819
73.643
81.538
89.478
97.435
105.38
113.282
121.108
128.825
136.398
143.794
150.977
157.912
164.562
170.892
176.868
182.457
187.628
192.349
196.591
200.329
203.537
206.195
208.285
209.789
210.694
210.992
210.674
209.738
208.184
206.013
203.233
199.852
195.884
191.344
186.251
180.626
174.495
167.883
160.819
153.336
145.465
137.242
128.702
119.882
110.822
101.56
92.135
82.587
72.956
63.279
53.597
43.945
34.359
24.875
15.525
6.34
-2.65
-11.42
-19.944
-28.2
-36.169
-43.832
-51.174
-58.183
-64.848
-71.162
-77.118
-82.714
-87.948
-92.82
-97.335
-101.496
-105.31
-108.785
-111.933
-114.762
-117.288
-119.522
-121.481
-123.18
-124.634
-125.862
-126.879
-127.703
-128.351
-128.84
-129.186
-129.404
-129.511
-129.519
-129.443
-129.295
-129.086
-128.827
-128.529
-128.199
-127.845
-127.475
-127.093
-126.705
-126.315
-125.926
-125.541
-125.16
-124.785
-124.416
-124.052
-123.692
-123.334
-122.977
-122.617
-122.252
-121.878
-121.493
-121.093
-120.675
-120.235
-119.77
-119.279
-118.759
-118.209
-117.626
-117.011
-116.363
-115.684
-114.973
-114.232
-113.464
-112.67
-111.854
-111.018
-110.167
-109.304
-108.434
-107.561
-106.69
-105.827
-104.977
-104.145
-103.338
-102.56
-101.818
-101.118
-100.465
-99.865
-99.322
-98.844
-98.434
-98.097
-97.837
-97.658
-97.563
-97.556
-97.637
-97.809
-98.071
-98.424
-98.868
-99.4
-100.02
-100.724
-101.51
-102.373
-103.311
-104.317
-105.387
-106.514
-107.691
-108.912
-110.168
-111.453
-112.756
-114.07
-115.384
-116.69
-117.978
-119.238
-120.459
-121.633
-122.747
-123.792
-124.757
-125.632
-126.406
-127.068
-127.609
-128.02
-128.291
-128.414
-128.382
-128.187
-127.822
-127.281
-126.56
-125.654
-124.559
-123.271
-121.791
-120.116
-118.248
-116.19
-113.943
-111.511
-108.9
-106.115
-103.166
-100.062
-96.81
-93.422
-89.911
-86.289
-82.573
-78.779
-74.922
-71.023
-67.103
-63.186
-59.296
-55.456
-51.691
-48.025
-44.482
-41.087
-37.86
-34.819
-31.983
-29.369
-27
-24.896
-23.076
-21.553
-20.341
-19.453
-18.901
-18.692
-18.82
-19.281
-20.07
-21.193
-22.663
-24.492
-26.673
-29.199
-32.059
-35.228
-38.68
-42.368
-46.222
-50.169
-54.147
-58.098
-61.991
-65.779
-69.395
-72.762
-75.79
-78.412
-80.591
-82.28
-83.429
-84.042
-84.155
-83.858
-83.297
-82.56
-81.718
-80.871
-80.118
-79.579
-79.405
-79.696
-80.567
-82.229
-84.751
-88.039
-91.864
-95.681
-98.861
-100.89
-101.116
-98.787
-93.573
-85.647
-75.713
-65.145
-55.308
-47.376
-42.469
-41.527
-44.972
-50.761
-55.708
-57.503
-52.408
-39.348
-17.811
19.271
75.563
152.806
252.752
366.155
486.122
610.26
732.044
848.836
951.438
1023.732
1054.583
1034.126
963.293
850.712
703.165
535.465
361.784
199.084
71.286
-11.622
-47.926
-47.385
-31.016
-9.712
7.919
19.892
30.226
35.564
37.336
36.705
32.499
28.486
24.018
17.877
11.714
5.826
1.972
1.725
4.537
9.551
15.711
21.994
27.729
32.282
35.204
36.287
35.584
33.389
29.956
25.51
20.291
14.494
8.331
1.999
-4.317
-10.408
-16.098
-21.264
-25.819
-29.72
-32.94
-35.458
-37.287
-38.49
-39.129
-39.27
-38.962
-38.236
-37.147
-35.766
-34.177
-32.475
-30.727
-28.967
-27.223
-25.507
-23.823
-22.169
-20.522
-18.838
-17.083
-15.234
-13.269
-11.175
-8.931
-6.508
-3.88
-1.022
2.086
5.459
9.112
13.06
17.309
21.864
26.723
31.88
37.332
43.073
49.1
55.405
61.978
68.807
75.879
83.18
90.69
98.387
106.247
114.241
122.342
130.518
138.736
146.964
155.164
163.301
171.339
179.238
186.962
194.472
201.728
208.695
215.334
221.611
227.49
232.939
237.925
242.422
246.401
249.839
252.715
255.009
256.707
257.795
258.265
258.111
257.33
255.923
253.893
251.249
248.001
244.165
239.758
234.801
229.317
223.333
216.878
209.981
202.678
195.001
186.987
178.674
170.101
161.308
152.333
143.218
134.003
124.727
115.429
106.149
96.924
87.789
78.779
69.927
61.265
52.821
44.622
36.694
29.058
21.734
14.74
8.09
1.797
-4.13
-9.683
-14.858
-19.653
-24.068
-28.105
-31.77
-35.068
-38.008
-40.601
-42.859
-44.796
-46.426
-47.766
-48.833
-49.645
-50.22
-50.577
-50.736
-50.715
-50.535
-50.214
-49.772
-49.226
-48.594
-47.894
-47.141
-46.352
-45.539
-44.717
-43.897
-43.09
-42.308
-41.557
-40.847
-40.184
-39.573
-39.018
-38.523
-38.091
-37.721
-37.416
-37.173
-36.991
-36.869
-36.803
-36.791
-36.828
-36.91
-37.033
-37.191
-37.381
-37.596
-37.832
-38.085
-38.349
-38.621
-38.897
-39.173
-39.446
-39.715
-39.977
-40.231
-40.476
-40.71
-40.935
-41.151
-41.357
-41.557
-41.751
-41.941
-42.132
-42.324
-42.522
-42.728
-42.947
-43.182
-43.437
-43.716
-44.024
-44.365
-44.742
-45.16
-45.624
-46.136
-46.7
-47.318
-47.993
-48.727
-49.519
-50.372
-51.283
-52.252
-53.278
-54.357
-55.487
-56.664
-57.882
-59.137
-60.423
-61.732
-63.058
-64.393
-65.728
-67.055
-68.366
-69.652
-70.903
-72.11
-73.263
-74.351
-75.365
-76.293
-77.125
-77.848
-78.452
-78.926
-79.261
-79.446
-79.472
-79.331
-79.015
-78.516
-77.829
-76.949
-75.87
-74.589
-73.105
-71.416
-69.523
-67.428
-65.134
-62.645
-59.966
-57.105
-54.07
-50.869
-47.51
-44.003
-40.361
-36.595
-32.721
-28.751
-24.702
-20.594
-16.449
-12.289
-8.138
-4.02
0.042
4.022
7.897
11.645
15.247
18.685
21.943
24.999
27.831
30.421
32.751
34.807
36.573
38.039
39.189
40.02
40.537
40.739
40.625
40.183
39.388
38.225
36.688
34.777
32.5
29.873
26.913
23.665
20.196
16.57
12.852
9.093
5.322
1.585
-2.054
-5.53
-8.749
-11.646
-14.184
-16.326
-18.059
-19.409
-20.419
-21.173
-21.809
-22.457
-23.254
-24.335
-25.788
-27.73
-30.273
-33.572
-37.882
-43.288
-49.713
-56.985
-64.697
-72.37
-79.618
-85.824
-90.153
-92.258
-92.111
-89.955
-86.94
-84.35
-83.147
-84.599
-88.879
-94.231
-98.842
-101.543
-103.365
-107.254
-113.218
-114.966
-99.25
-52.586
29.864
141.155
264.315
383.308
491.946
591.671
685.083
767.854
825.423
842.315
812.26
740.515
642.353
530.961
411.674
286.912
159.32
40.332
-53.999
-113.751
-138.401
-139.634
-131.997
-124.263
-118.93
-112.679
-103.455
-92.975
-83.988
-79.653
-80.891
-86.319
-94.396
-103.367
-111.549
-117.737
-121.233
-121.993
-120.587
-117.825
-114.417
-110.959
-108.047
-106.249
-105.901
-107.071
-109.617
-113.258
-117.732
-122.844
-128.402
-134.172
-139.958
-145.565
-150.786
-155.498
-159.614
-163.052
-165.776
-167.762
-168.989
-169.478
-169.284
-168.461
-167.064
-165.146
-162.739
-159.9
-156.7
-153.216
-149.538
-145.729
-141.829
-137.869
-133.871
-129.846
-125.803
-121.733
-117.608
-113.41
-109.129
-104.754
-100.284
-95.712
-91.022
-86.2
-81.237
-76.122
-70.852
-65.422
-59.829
-54.072
-48.156
-42.088
-35.878
-29.537
-23.073
-16.493
-9.808
-3.03
3.83
10.758
17.739
24.758
31.796
38.833
45.845
52.81
59.705
66.505
73.184
79.717
86.076
92.236
98.171
103.854
109.26
114.362
119.137
123.562
127.613
131.27
134.514
137.326
139.692
141.598
143.034
143.991
144.463
144.447
143.942
142.95
141.476
139.526
137.111
134.243
130.937
127.21
123.084
118.579
113.72
108.533
103.046
97.287
91.286
85.073
78.68
72.137
65.477
58.73
51.929
45.103
38.285
31.501
24.782
18.153
11.64
5.266
-0.946
-6.977
-12.809
-18.426
-23.815
-28.964
-33.864
-38.507
-42.888
-47.004
-50.855
-54.442
-57.767
-60.837
-63.656
-66.235
-68.58
-70.704
-72.616
-74.33
-75.856
-77.208
-78.398
-79.44
-80.347
-81.131
-81.805
-82.381
-82.871
-83.284
-83.631
-83.921
-84.162
-84.361
-84.525
-84.658
-84.766
-84.851
-84.916
-84.963
-84.993
-85.006
-85.001
-84.976
-84.929
-84.857
-84.755
-84.621
-84.451
-84.239
-83.983
-83.679
-83.323
-82.911
-82.441
-81.91
-81.317
-80.66
-79.939
-79.153
-78.304
-77.393
-76.423
-75.396
-74.317
-73.189
-72.017
-70.806
-69.561
-68.288
-66.992
-65.679
-64.356
-63.027
-61.699
-60.379
-59.071
-57.784
-56.521
-55.289
-54.093
-52.937
-51.826
-50.762
-49.749
-48.789
-47.884
-47.034
-46.24
-45.502
-44.818
-44.186
-43.604
-43.069
-42.577
-42.123
-41.703
-41.311
-40.943
-40.594
-40.259
-39.932
-39.61
-39.287
-38.961
-38.626
-38.281
-37.921
-37.543
-37.145
-36.725
-36.28
-35.811
-35.315
-34.793
-34.245
-33.672
-33.075
-32.457
-31.819
-31.163
-30.493
-29.813
-29.125
-28.434
-27.744
-27.057
-26.378
-25.713
-25.064
-24.436
-23.832
-23.254
-22.706
-22.189
-21.706
-21.256
-20.841
-20.46
-20.112
-19.798
-19.517
-19.268
-19.046
-18.852
-18.682
-18.536
-18.41
-18.302
-18.208
-18.124
-18.05
-17.982
-17.918
-17.855
-17.793
-17.731
-17.673
-17.624
-17.586
-17.562
-17.557
-17.576
-17.625
-17.708
-17.825
-17.976
-18.165
-18.397
-18.682
-19.027
-19.438
-19.919
-20.479
-21.125
-21.868
-22.708
-23.641
-24.664
-25.785
-27.017
-28.389
-29.917
-31.606
-33.458
-35.47
-37.632
-39.93
-42.327
-44.763
-47.18
-49.53
-51.778
-53.905
-55.873
-57.623
-59.093
-60.213
-60.943
-61.264
-61.154
-60.617
-59.692
-58.447
-56.998
-55.482
-54.023
-52.749
-51.796
-51.292
-51.382
-52.188
-53.845
-56.552
-60.363
-65.184
-70.786
-76.644
-82.206
-87.057
-90.651
-92.335
-91.831
-89.173
-84.856
-80.179
-76.319
-73.956
-73.783
-76.308
-81.397
-88.296
-95.169
-98.693
-95.564
-83.175
-58.889
-20.438
33.688
104.304
189.018
281.74
376.618
467.591
552.698
635.195
713.096
782.448
833.309
845.945
810.599
723.326
586.879
423.583
253.943
99.117
-17.304
-91.319
-124.488
-126.355
-115.986
-101.143
-88.644
-80.258
-71.807
-65.926
-60.863
-55.613
-51.831
-46.939
-42.706
-41.008
-41.33
-44.886
-50.611
-57.016
-63.889
-70.347
-76.293
-82.115
-87.654
-92.66
-96.753
-99.617
-101.499
-103.108
-104.894
-107.001
-109.466
-112.253
-115.523
-119.403
-123.665
-127.835
-131.521
-134.51
-136.762
-138.353
-139.262
-139.438
-138.92
-137.804
-136.212
-134.235
-131.897
-129.194
-126.143
-122.801
-119.246
-115.554
-111.766
-107.905
-103.985
-100.012
-95.994
-91.927
-87.791
-83.565
-79.234
-74.783
-70.21
-65.507
-60.663
-55.662
-50.482
-45.104
-39.515
-33.702
-27.657
-21.374
-14.851
-8.089
-1.095
6.124
13.562
21.212
29.067
37.114
45.342
53.735
62.277
70.949
79.726
88.583
97.494
106.428
115.355
124.244
133.061
141.77
150.336
158.722
166.892
174.808
182.433
189.729
196.661
203.194
209.293
214.927
220.066
224.682
228.751
232.249
235.159
237.465
239.152
240.213
240.64
240.432
239.59
238.117
236.021
233.314
230.01
226.126
221.683
216.706
211.22
205.254
198.84
192.011
184.801
177.248
169.389
161.262
152.907
144.365
135.674
126.874
118.005
109.105
100.211
91.359
82.584
73.919
65.395
57.041
48.884
40.948
33.255
25.827
18.679
11.828
5.286
-0.937
-6.833
-12.396
-17.623
-22.512
-27.064
-31.282
-35.17
-38.734
-41.982
-44.923
-47.567
-49.924
-52.007
-53.829
-55.402
-56.739
-57.855
-58.763
-59.477
-60.009
-60.374
-60.584
-60.652
-60.59
-60.409
-60.121
-59.735
-59.262
-58.711
-58.089
-57.406
-56.667
-55.879
-55.049
-54.181
-53.279
-52.349
-51.394
-50.416
-49.419
-48.405
-47.376
-46.334
-45.281
-44.218
-43.147
-42.07
-40.988
-39.903
-38.818
-37.734
-36.654
-35.58
-34.515
-33.462
-32.421
-31.398
-30.393
-29.41
-28.451
-27.518
-26.615
-25.742
-24.904
-24.102
-23.337
-22.613
-21.932
-21.294
-20.703
-20.159
-19.665
-19.222
-18.832
-18.497
-18.217
-17.994
-17.829
-17.722
-17.675
-17.687
-17.758
-17.889
-18.078
-18.325
-18.629
-18.99
-19.407
-19.879
-20.405
-20.985
-21.618
-22.305
-23.045
-23.837
-24.681
-25.578
-26.527
-27.528
-28.581
-29.685
-30.841
-32.047
-33.304
-34.608
-35.961
-37.358
-38.799
-40.279
-41.797
-43.348
-44.93
-46.537
-48.166
-49.812
-51.471
-53.137
-54.804
-56.467
-58.119
-59.752
-61.358
-62.93
-64.458
-65.932
-67.342
-68.679
-69.932
-71.09
-72.144
-73.081
-73.893
-74.567
-75.094
-75.464
-75.667
-75.695
-75.539
-75.191
-74.648
-73.904
-72.954
-71.797
-70.43
-68.854
-67.07
-65.08
-62.888
-60.498
-57.916
-55.152
-52.215
-49.118
-45.875
-42.501
-39.018
-35.446
-31.807
-28.126
-24.427
-20.735
-17.077
-13.479
-9.965
-6.56
-3.289
-0.175
2.752
5.465
7.94
10.149
12.07
13.682
14.963
15.899
16.483
16.709
16.57
16.054
15.14
13.815
12.075
9.92
7.355
4.397
1.071
-2.578
-6.482
-10.579
-14.809
-19.122
-23.486
-27.859
-32.188
-36.408
-40.445
-44.233
-47.733
-50.902
-53.689
-56.084
-58.127
-59.899
-61.545
-63.178
-64.85
-66.629
-68.583
-70.78
-73.311
-76.26
-79.665
-83.621
-88.288
-93.666
-99.655
-106.001
-112.131
-117.409
-121.282
-123.05
-121.976
-117.886
-110.906
-101.411
-90.706
-80.264
-71.213
-65.024
-61.965
-60.042
-57.286
-52.606
-47.119
-43.642
-41.745
-34.964
-9.901
45.631
134.4
250.229
376.946
499.661
613.956
718.692
813.794
895.499
950.755
965.668
934.108
856.282
739.398
596.874
440.923
285.476
148.388
43.338
-22.573
-51.1
-55.484
-50.741
-45.432
-42.783
-39.946
-32.88
-22.767
-12.343
-4.353
-1.542
-3.676
-9.057
-16.372
-23.589
-28.805
-31.346
-31.039
-28.223
-23.835
-18.667
-13.31
-8.53
-5.073
-3.334
-3.48
-5.424
-8.847
-13.478
-19.092
-25.435
-32.256
-39.328
-46.435
-53.366
-59.933
-65.986
-71.411
-76.131
-80.106
-83.306
-85.722
-87.389
-88.366
-88.714
-88.494
-87.754
-86.538
-84.91
-82.947
-80.733
-78.357
-75.88
-73.337
-70.758
-68.159
-65.545
-62.915
-60.249
-57.515
-54.691
-51.761
-48.712
-45.538
-42.224
-38.75
-35.099
-31.256
-27.208
-22.945
-18.458
-13.74
-8.788
-3.602
1.813
7.451
13.308
19.378
25.658
32.142
38.822
45.689
52.733
59.943
67.305
74.801
82.412
90.116
97.889
105.708
113.546
121.375
129.165
136.886
144.507
151.996
159.32
166.445
173.337
179.963
186.288
192.28
197.906
203.134
207.933
212.274
216.131
219.478
222.291
224.549
226.233
227.328
227.82
227.698
226.954
225.585
223.588
220.966
217.725
213.874
209.425
204.394
198.799
192.661
186.007
178.862
171.257
163.224
154.797
146.012
136.907
127.522
117.898
108.075
98.096
88.003
77.839
67.646
57.465
47.337
37.303
27.399
17.665
8.133
-1.162
-10.19
-18.921
-27.33
-35.393
-43.089
-50.399
-57.309
-63.807
-69.882
-75.529
-80.744
-85.526
-89.878
-93.804
-97.311
-100.41
-103.112
-105.432
-107.384
-108.987
-110.261
-111.225
-111.902
-112.313
-112.482
-112.433
-112.19
-111.776
-111.214
-110.529
-109.743
-108.877
-107.953
-106.991
-106.009
-105.025
-104.054
-103.113
-102.213
-101.367
-100.584
-99.873
-99.24
-98.69
-98.226
-97.851
-97.565
-97.367
-97.256
-97.227
-97.277
-97.4
-97.59
-97.841
-98.144
-98.492
-98.877
-99.289
-99.719
-100.16
-100.603
-101.038
-101.459
-101.857
-102.226
-102.558
-102.848
-103.091
-103.281
-103.415
-103.491
-103.505
-103.456
-103.345
-103.171
-102.934
-102.637
-102.282
-101.871
-101.408
-100.895
-100.337
-99.739
-99.104
-98.437
-97.742
-97.025
-96.289
-95.54
-94.781
-94.016
-93.25
-92.485
-91.724
-90.971
-90.227
-89.494
-88.774
-88.066
-87.373
-86.692
-86.023
-85.366
-84.717
-84.077
-83.44
-82.806
-82.171
-81.531
-80.883
-80.225
-79.552
-78.861
-78.149
-77.413
-76.65
-75.858
-75.034
-74.178
-73.286
-72.359
-71.397
-70.399
-69.365
-68.297
-67.195
-66.062
-64.899
-63.71
-62.496
-61.262
-60.01
-58.744
-57.471
-56.193
-54.915
-53.643
-52.381
-51.133
-49.905
-48.7
-47.522
-46.376
-45.263
-44.188
-43.154
-42.162
-41.214
-40.31
-39.45
-38.636
-37.866
-37.139
-36.451
-35.801
-35.186
-34.604
-34.05
-33.521
-33.012
-32.52
-32.04
-31.57
-31.105
-30.641
-30.174
-29.701
-29.219
-28.726
-28.22
-27.701
-27.168
-26.626
-26.078
-25.53
-24.988
-24.457
-23.945
-23.461
-23.012
-22.603
-22.241
-21.931
-21.681
-21.503
-21.408
-21.407
-21.51
-21.725
-22.061
-22.532
-23.144
-23.893
-24.78
-25.807
-26.984
-28.332
-29.869
-31.6
-33.527
-35.649
-37.955
-40.433
-43.052
-45.761
-48.506
-51.241
-53.928
-56.549
-59.076
-61.456
-63.625
-65.511
-67.057
-68.239
-69.027
-69.382
-69.321
-68.885
-68.17
-67.321
-66.428
-65.562
-64.821
-64.305
-64.138
-64.452
-65.338
-66.909
-69.368
-72.788
-77.085
-82.015
-87.041
-91.625
-95.343
-97.604
-97.698
-95.28
-90.476
-83.995
-77.189
-71.118
-66.582
-64.693
-66.372
-72.005
-79.92
-85.968
-87.067
-81.25
-68.349
-50.957
-25.063
16.522
77.487
163.607
271.159
389.669
515.721
641.26
756.954
855.639
920.874
938.552
905.628
823.957
703.568
559.696
403.946
249.222
112.056
5.824
-61.568
-90.968
-95.233
-89.906
-84.222
-81.796
-79.741
-73.596
-64.378
-54.934
-48.181
-47.046
-51.27
-58.944
-68.581
-78.037
-85.27
-89.509
-90.464
-88.342
-84.074
-78.506
-72.281
-66.224
-61.111
-57.35
-55.151
-54.491
-55.1
-56.749
-59.245
-62.352
-65.862
-69.604
-73.418
-77.15
-80.624
-83.691
-86.246
-88.221
-89.589
-90.332
-90.437
-89.924
-88.855
-87.295
-85.313
-82.962
-80.277
-77.314
-74.143
-70.848
-67.523
-64.234
-61.018
-57.904
-54.908
-52.034
-49.283
-46.633
-44.044
-41.483
-38.924
-36.345
-33.731
-31.057
-28.291
-25.402
-22.359
-19.138
-15.717
-12.073
-8.186
-4.041
0.374
5.063
10.028
15.271
20.795
26.6
32.685
39.045
45.673
52.559
59.693
67.058
74.635
82.401
90.328
98.389
106.553
114.786
123.054
131.318
139.54
147.68
155.697
163.549
171.194
178.586
185.685
192.447
198.831
204.797
210.305
215.319
219.805
223.731
227.068
229.791
231.877
233.307
234.065
234.141
233.525
232.216
230.211
227.517
224.14
220.095
215.398
210.068
204.13
197.61
190.54
182.953
174.884
166.371
157.456
148.18
138.587
128.724
118.637
108.373
97.981
87.508
77.002
66.51
56.079
45.752
35.574
25.585
15.825
6.33
-2.865
-11.729
-20.232
-28.35
-36.059
-43.339
-50.175
-56.555
-62.467
-67.906
-72.869
-77.354
-81.365
-84.906
-87.985
-90.612
-92.799
-94.56
-95.914
-96.877
-97.472
-97.719
-97.642
-97.266
-96.616
-95.719
-94.6
-93.286
-91.804
-90.18
-88.44
-86.61
-84.713
-82.773
-80.813
-78.853
-76.913
-75.01
-73.162
-71.382
-69.684
-68.079
-66.576
-65.184
-63.909
-62.757
-61.731
-60.834
-60.068
-59.432
-58.924
-58.543
-58.285
-58.144
-58.115
-58.191
-58.365
-58.628
-58.971
-59.386
-59.863
-60.392
-60.963
-61.567
-62.192
-62.829
-63.47
-64.105
-64.726
-65.326
-65.897
-66.434
-66.931
-67.383
-67.787
-68.139
-68.435
-68.675
-68.855
-68.974
-69.033
-69.029
-68.965
-68.839
-68.655
-68.413
-68.115
-67.764
-67.364
-66.916
-66.426
-65.896
-65.331
-64.736
-64.115
-63.473
-62.815
-62.145
-61.469
-60.791
-60.115
-59.445
-58.785
-58.138
-57.507
-56.895
-56.304
-55.737
-55.195
-54.681
-54.196
-53.741
-53.318
-52.928
-52.571
-52.249
-51.962
-51.711
-51.495
-51.317
-51.175
-51.069
-51
-50.967
-50.969
-51.005
-51.075
-51.178
-51.311
-51.474
-51.665
-51.883
-52.127
-52.395
-52.685
-52.996
-53.328
-53.679
-54.047
-54.432
-54.832
-55.246
-55.673
-56.111
-56.56
-57.017
-57.482
-57.951
-58.423
-58.895
-59.364
-59.827
-60.281
-60.722
-61.149
-61.556
-61.942
-62.303
-62.635
-62.935
-63.201
-63.429
-63.615
-63.758
-63.852
-63.897
-63.89
-63.828
-63.709
-63.529
-63.289
-62.985
-62.618
-62.187
-61.69
-61.127
-60.501
-59.811
-59.063
-58.257
-57.401
-56.501
-55.567
-54.607
-53.633
-52.657
-51.689
-50.742
-49.828
-48.955
-48.134
-47.376
-46.688
-46.084
-45.577
-45.18
-44.907
-44.768
-44.774
-44.936
-45.264
-45.758
-46.419
-47.248
-48.252
-49.449
-50.856
-52.477
-54.317
-56.373
-58.634
-61.084
-63.687
-66.39
-69.139
-71.881
-74.575
-77.195
-79.714
-82.09
-84.27
-86.179
-87.757
-88.972
-89.803
-90.224
-90.229
-89.857
-89.195
-88.397
-87.599
-86.875
-86.286
-85.902
-85.822
-86.192
-87.161
-88.829
-91.31
-94.779
-99.27
-104.679
-110.695
-116.63
-121.736
-125.4
-126.959
-125.737
-121.512
-114.493
-105.439
-96.004
-87.77
-81.773
-79.016
-80.271
-85.414
-93.303
-101.473
-105.907
-102.581
-88.02
-58.817
-12.025
54.45
139.716
239.51
348.517
460.381
571.916
683.301
789.459
882.595
951.074
978.957
960.279
897.096
796.444
670.666
527.868
375.315
224.058
89.164
-12.389
-71.454
-90.664
-84.216
-70.539
-60.541
-57.043
-56.635
-53.894
-48.418
-42.493
-38.503
-38.586
-42.203
-47.555
-53.175
-57.364
-58.816
-57.144
-52.488
-45.482
-37.157
-28.394
-19.868
-12.249
-6.129
-1.85
0.487
0.984
-0.085
-2.441
-5.853
-10.092
-14.921
-20.124
-25.487
-30.773
-35.768
-40.311
-44.284
-47.613
-50.261
-52.198
-53.421
-53.975
-53.927
-53.348
-52.306
-50.854
-49.039
-46.934
-44.619
-42.183
-39.713
-37.266
-34.872
-32.553
-30.316
-28.155
-26.059
-23.994
-21.915
-19.791
-17.593
-15.297
-12.887
-10.334
-7.61
-4.689
-1.547
1.836
5.476
9.387
13.583
18.068
22.846
27.915
33.27
38.908
44.824
51.012
57.465
64.172
71.121
78.297
85.682
93.255
100.992
108.864
116.842
124.895
132.989
141.088
149.157
157.157
165.051
172.8
180.364
187.704
194.782
201.559
207.997
214.061
219.716
224.928
229.667
233.904
237.613
240.769
243.353
245.347
246.735
247.506
247.652
247.169
246.055
244.314
241.951
238.976
235.404
231.251
226.539
221.29
215.533
209.295
202.61
195.511
188.035
180.219
172.102
163.724
155.128
146.355
137.446
128.443
119.389
110.322
101.284
92.312
83.444
74.716
66.16
57.809
49.692
41.837
34.269
27.01
20.079
13.494
7.269
1.414
-4.06
-9.15
-13.851
-18.162
-22.087
-25.628
-28.793
-31.591
-34.033
-36.132
-37.903
-39.362
-40.527
-41.418
-42.053
-42.453
-42.64
-42.634
-42.458
-42.133
-41.68
-41.121
-40.476
-39.765
-39.009
-38.226
-37.433
-36.648
-35.886
-35.161
-34.487
-33.876
-33.339
-32.887
-32.528
-32.27
-32.12
-32.082
-32.161
-32.359
-32.679
-33.12
-33.682
-34.363
-35.162
-36.074
-37.095
-38.222
-39.449
-40.77
-42.18
-43.672
-45.239
-46.874
-48.57
-50.319
-52.115
-53.95
-55.817
-57.709
-59.619
-61.54
-63.465
-65.388
-67.3
-69.196
-71.068
-72.909
-74.712
-76.47
-78.178
-79.828
-81.415
-82.934
-84.379
-85.745
-87.028
-88.223
-89.326
-90.333
-91.242
-92.05
-92.754
-93.353
-93.847
-94.234
-94.515
-94.689
-94.758
-94.722
-94.583
-94.344
-94.005
-93.572
-93.047
-92.435
-91.742
-90.974
-90.137
-89.24
-88.291
-87.298
-86.271
-85.219
-84.154
-83.085
-82.024
-80.982
-79.97
-79
-78.082
-77.228
-76.448
-75.752
-75.149
-74.649
-74.258
-73.984
-73.833
-73.811
-73.921
-74.168
-74.554
-75.081
-75.75
-76.56
-77.51
-78.597
-79.815
-81.159
-82.623
-84.197
-85.872
-87.635
-89.474
-91.376
-93.326
-95.308
-97.306
-99.302
-101.278
-103.216
-105.098
-106.906
-108.62
-110.223
-111.698
-113.029
-114.201
-115.199
-116.009
-116.62
-117.02
-117.202
-117.158
-116.882
-116.368
-115.614
-114.617
-113.381
-111.908
-110.2
-108.266
-106.115
-103.762
-101.224
-98.518
-95.662
-92.678
-89.589
-86.418
-83.189
-79.922
-76.634
-73.35
-70.093
-66.892
-63.77
-60.751
-57.854
-55.103
-52.518
-50.121
-47.922
-45.925
-44.135
-42.564
-41.23
-40.163
-39.382
-38.894
-38.705
-38.811
-39.204
-39.87
-40.774
-41.856
-43.06
-44.336
-45.648
-46.97
-48.257
-49.446
-50.466
-51.238
-51.706
-51.829
-51.561
-50.889
-49.827
-48.421
-46.757
-44.931
-43.034
-41.175
-39.456
-37.979
-36.876
-36.247
-36.238
-37.096
-38.891
-41.53
-44.837
-48.307
-51.374
-53.645
-54.515
-53.213
-49.513
-43.638
-36.106
-28.317
-21.886
-17.751
-16.928
-20.691
-27.957
-36.709
-46.16
-52.934
-55.572
-53.728
-40.366
-9.649
42.93
120.382
215.942
321.113
431.159
543.641
657.457
767.909
861.192
918.329
928.655
890.55
813.244
713.677
598.172
468.628
328.373
181.984
47.953
-53.295
-111.497
-125.232
-106.846
-72.256
-34.004
-2.402
18.434
25.535
19.649
7.359
-6.806
-17.885
-23.983
-29.042
-34.488
-40.515
-46.871
-50.985
-52.066
-50.995
-48.469
-45.545
-43.105
-41.536
-41.093
-41.94
-43.971
-46.907
-50.532
-54.668
-59.133
-63.76
-68.395
-72.859
-76.986
-80.679
-83.854
-86.44
-88.409
-89.745
-90.439
-90.515
-90.022
-89.014
-87.553
-85.695
-83.478
-80.955
-78.193
-75.267
-72.268
-69.265
-66.301
-63.409
-60.608
-57.91
-55.319
-52.825
-50.398
-48.008
-45.633
-43.255
-40.858
-38.424
-35.924
-33.329
-30.609
-27.739
-24.696
-21.459
-18.007
-14.322
-10.39
-6.201
-1.752
2.964
7.952
13.219
18.769
24.603
30.718
37.111
43.778
50.709
57.893
65.311
72.946
80.773
88.771
96.911
105.164
113.499
121.88
130.273
138.641
146.946
155.147
163.205
171.078
178.725
186.106
193.181
199.911
206.259
212.187
217.661
222.651
227.125
231.055
234.418
237.19
239.352
240.889
241.787
242.036
241.631
240.569
238.851
236.484
233.476
229.838
225.587
220.741
215.324
209.359
202.874
195.902
188.473
180.624
172.393
163.817
154.938
145.797
136.437
126.899
117.227
107.464
97.652
87.833
78.049
68.339
58.743
49.298
40.041
31.006
22.223
13.725
5.538
-2.313
-9.805
-16.918
-23.636
-29.943
-35.829
-41.285
-46.304
-50.885
-55.026
-58.73
-62.002
-64.851
-67.287
-69.322
-70.97
-72.25
-73.178
-73.775
-74.063
-74.063
-73.8
-73.298
-72.582
-71.678
-70.612
-69.41
-68.099
-66.705
-65.252
-63.767
-62.272
-60.791
-59.347
-57.959
-56.648
-55.432
-54.327
-53.349
-52.51
-51.823
-51.297
-50.941
-50.76
-50.758
-50.938
-51.301
-51.846
-52.569
-53.468
-54.536
-55.767
-57.153
-58.685
-60.352
-62.143
-64.047
-66.049
-68.138
-70.299
-72.517
-74.779
-77.071
-79.378
-81.685
-83.98
-86.25
-88.481
-90.661
-92.778
-94.823
-96.786
-98.656
-100.428
-102.093
-103.645
-105.081
-106.396
-107.588
-108.655
-109.595
-110.409
-111.097
-111.662
-112.105
-112.43
-112.639
-112.738
-112.73
-112.622
-112.419
-112.127
-111.752
-111.301
-110.779
-110.194
-109.552
-108.858
-108.12
-107.342
-106.53
-105.689
-104.823
-103.937
-103.033
-102.115
-101.186
-100.248
-99.301
-98.348
-97.387
-96.42
-95.445
-94.461
-93.468
-92.462
-91.443
-90.406
-89.35
-88.272
-87.168
-86.035
-84.868
-83.665
-82.42
-81.13
-79.79
-78.396
-76.941
-75.423
-73.838
-72.182
-70.452
-68.644
-66.756
-64.787
-62.734
-60.596
-58.373
-56.064
-53.668
-51.187
-48.622
-45.975
-43.249
-40.446
-37.571
-34.628
-31.625
-28.566
-25.46
-22.312
-19.13
-15.925
-12.706
-9.484
-6.27
-3.076
0.083
3.188
6.222
9.167
12.008
14.726
17.304
19.725
21.973
24.039
25.914
27.585
29.039
30.261
31.236
31.956
32.412
32.595
32.498
32.116
31.45
30.513
29.311
27.848
26.118
24.104
21.801
19.215
16.354
13.235
9.879
6.311
2.578
-1.253
-5.125
-8.988
-12.804
-16.553
-20.195
-23.673
-26.926
-29.88
-32.484
-34.703
-36.494
-37.844
-38.769
-39.308
-39.533
-39.53
-39.366
-39.12
-38.889
-38.759
-38.84
-39.216
-39.988
-41.359
-43.411
-46.068
-49.1
-51.979
-54.128
-55.161
-54.621
-51.921
-46.867
-39.657
-31.009
-22.51
-15.695
-11.504
-10.773
-14.16
-21.555
-31.993
-43.29
-51.754
-53.651
-45.827
-25.288
10.58
63.739
133.514
215.994
306.168
398.314
490.346
584.197
676.907
761.812
827.241
855.986
839.831
779.888
682.492
560.094
423.73
281.758
146.717
34.533
-43.721
-83.146
-90.21
-82.642
-73.267
-68.183
-67.198
-63.336
-54.453
-43.204
-32.553
-26.366
-25.639
-28.735
-34.288
-40.827
-46.895
-51.416
-53.779
-53.966
-52.468
-50.037
-47.293
-44.67
-42.675
-41.846
-42.472
-44.607
-48.107
-52.65
-57.971
-63.884
-70.167
-76.595
-82.964
-89.051
-94.694
-99.818
-104.356
-108.272
-111.55
-114.16
-116.102
-117.419
-118.161
-118.387
-118.154
-117.497
-116.466
-115.123
-113.54
-111.8
-109.966
-108.072
-106.14
-104.182
-102.205
-100.212
-98.191
-96.114
-93.951
-91.681
-89.283
-86.747
-84.054
-81.18
-78.099
-74.786
-71.221
-67.392
-63.284
-58.883
-54.179
-49.168
-43.847
-38.223
-32.296
-26.071
-19.55
-12.74
-5.649
1.712
9.33
17.192
25.281
33.577
42.056
50.694
59.462
68.332
77.274
86.253
95.235
104.183
113.06
121.825
130.44
138.861
147.048
154.956
162.544
169.77
176.594
182.974
188.873
194.256
199.088
203.34
206.985
209.997
212.357
214.046
215.051
215.362
214.973
213.88
212.086
209.595
206.417
202.565
198.056
192.91
187.15
180.806
173.907
166.488
158.585
150.239
141.492
132.389
122.977
113.306
103.425
93.387
83.243
73.046
62.846
52.695
42.641
32.733
23.017
13.535
4.328
-4.565
-13.11
-21.275
-29.03
-36.352
-43.216
-49.607
-55.507
-60.906
-65.796
-70.173
-74.035
-77.386
-80.231
-82.58
-84.444
-85.841
-86.788
-87.307
-87.423
-87.162
-86.554
-85.63
-84.421
-82.961
-81.285
-79.426
-77.419
-75.298
-73.096
-70.845
-68.577
-66.321
-64.106
-61.957
-59.899
-57.955
-56.146
-54.488
-52.999
-51.693
-50.581
-49.674
-48.978
-48.499
-48.24
-48.202
-48.385
-48.783
-49.393
-50.206
-51.214
-52.405
-53.766
-55.283
-56.94
-58.722
-60.612
-62.591
-64.642
-66.747
-68.889
-71.051
-73.216
-75.368
-77.493
-79.576
-81.605
-83.567
-85.453
-87.251
-88.954
-90.554
-92.046
-93.423
-94.682
-95.82
-96.834
-97.723
-98.489
-99.131
-99.653
-100.058
-100.351
-100.536
-100.621
-100.613
-100.519
-100.349
-100.111
-99.815
-99.471
-99.087
-98.674
-98.24
-97.795
-97.347
-96.904
-96.474
-96.063
-95.677
-95.323
-95.004
-94.726
-94.491
-94.304
-94.167
-94.082
-94.051
-94.075
-94.156
-94.292
-94.485
-94.732
-95.034
-95.387
-95.79
-96.239
-96.73
-97.259
-97.822
-98.412
-99.025
-99.653
-100.292
-100.933
-101.573
-102.204
-102.82
-103.415
-103.984
-104.521
-105.022
-105.48
-105.891
-106.25
-106.552
-106.792
-106.968
-107.076
-107.11
-107.069
-106.948
-106.746
-106.459
-106.085
-105.622
-105.068
-104.421
-103.681
-102.85
-101.926
-100.912
-99.809
-98.622
-97.354
-96.011
-94.598
-93.119
-91.579
-89.987
-88.349
-86.673
-84.966
-83.237
-81.498
-79.761
-78.043
-76.355
-74.712
-73.127
-71.613
-70.185
-68.854
-67.627
-66.51
-65.515
-64.654
-63.939
-63.382
-62.989
-62.768
-62.727
-62.872
-63.209
-63.733
-64.436
-65.313
-66.366
-67.608
-69.057
-70.724
-72.605
-74.694
-76.985
-79.461
-82.106
-84.877
-87.71
-90.549
-93.349
-96.078
-98.713
-101.206
-103.487
-105.484
-107.123
-108.355
-109.156
-109.501
-109.367
-108.774
-107.762
-106.399
-104.814
-103.118
-101.417
-99.832
-98.474
-97.464
-96.989
-97.283
-98.477
-100.533
-103.217
-106.113
-108.797
-110.931
-112.098
-111.661
-109.189
-104.81
-99.21
-93.696
-89.617
-87.686
-88.409
-92.567
-100.463
-111.31
-123.148
-132.606
-135.994
-130.569
-113.894
-83.141
-35.72
28.446
106.45
194.116
286.189
381.576
482.832
586.664
686.129
767.976
813.763
816.28
776.389
701.287
604.442
491.612
366.814
238.201
116.425
17.251
-48.028
-80.215
-90.342
-92.008
-94.01
-97.72
-98.088
-92.386
-82.553
-71.948
-64.891
-63.231
-65.906
-71.483
-78.524
-85.388
-90.567
-93.221
-92.977
-90.082
-85.396
-79.661
-73.432
-67.413
-62.306
-58.527
-56.31
-55.633
-56.225
-57.869
-60.379
-63.53
-67.122
-70.968
-74.895
-78.744
-82.342
-85.549
-88.261
-90.411
-91.967
-92.91
-93.222
-92.923
-92.074
-90.734
-88.968
-86.828
-84.345
-81.572
-78.574
-75.423
-72.2
-68.962
-65.737
-62.55
-59.416
-56.337
-53.316
-50.333
-47.353
-44.343
-41.277
-38.128
-34.874
-31.488
-27.935
-24.187
-20.22
-16.01
-11.543
-6.81
-1.8
3.495
9.082
14.977
21.188
27.707
34.52
41.605
48.925
56.45
64.147
71.964
79.863
87.816
95.805
103.84
111.936
120.076
128.234
136.355
144.386
152.312
160.128
167.826
175.427
182.936
190.359
197.754
205.154
212.533
219.841
226.966
233.779
240.219
246.259
251.866
257.021
261.65
265.648
268.942
271.422
272.97
273.478
272.77
270.706
267.253
262.416
256.261
248.896
240.331
230.535
219.541
207.382
194.143
179.974
164.997
149.376
133.342
117.116
100.956
85.105
69.687
54.793
40.501
26.851
13.967
2.024
-8.892
-18.707
-27.373
-34.922
-41.377
-46.801
-51.362
-55.217
-58.508
-61.375
-63.873
-66.033
-67.911
-69.544
-71.004
-72.413
-73.837
-75.33
-76.957
-78.724
-80.626
-82.636
-84.646
-86.561
-88.323
-89.883
-91.227
-92.367
-93.29
-94
-94.512
-94.81
-94.892
-94.763
-94.413
-93.861
-93.143
-92.3
-91.392
-90.484
-89.621
-88.85
-88.219
-87.755
-87.478
-87.399
-87.51
-87.806
-88.285
-88.92
-89.669
-90.484
-91.315
-92.122
-92.885
-93.561
-94.088
-94.399
-94.41
-94.07
-93.359
-92.253
-90.739
-88.833
-86.582
-84.073
-81.439
-78.788
-76.224
-73.867
-71.809
-70.159
-69.037
-68.585
-69.023
-70.496
-72.945
-76.132
-79.672
-83.141
-86.178
-88.31
-88.793
-87.092
-83.232
-77.874
-72.211
-67.267
-63.878
-62.997
-65.517
-72.192
-81.677
-89.872
-93.81
-91.676
-83.376
-71.879
-53.558
-19.128
37.876
122.953
231.994
350.527
468.862
582.377
688.485
787.606
874.21
931.263
942.248
897.855
794.393
643.39
467.639
288.114
129.762
13.912
-53.536
-72.107
-52.305
-15.101
24.644
53.113
62.471
56.633
40.668
23.356
12.722
9.166
10.361
11.457
8.503
2.049
-5.343
-10.789
-12.848
-11.886
-8.942
-5.09
-0.931
3.059
6.256
8.3
9.048
8.52
6.927
4.424
1.12
-2.81
-7.166
-11.752
-16.403
-20.984
-25.346
-29.335
-32.823
-35.72
-37.977
-39.582
-40.522
-40.8
-40.446
-39.504
-38.027
-36.064
-33.649
-30.829
-27.664
-24.224
-20.591
-16.827
-12.971
-9.051
-5.084
-1.075
2.973
7.069
11.239
15.506
19.885
24.387
29.017
33.785
38.705
43.792
49.06
54.517
60.165
66.007
72.044
78.273
84.688
91.277
98.024
104.917
111.942
119.086
126.334
133.668
141.068
148.515
155.986
163.458
170.904
178.294
185.598
192.784
199.82
206.675
213.314
219.703
225.809
231.6
237.043
242.108
246.762
250.979
254.729
257.988
260.733
262.945
264.604
265.695
266.205
266.125
265.448
264.169
262.287
259.805
256.726
253.06
248.818
244.013
238.665
232.792
226.42
219.574
212.283
204.58
196.498
188.071
179.338
170.335
161.102
151.679
142.106
132.423
122.671
112.889
103.116
93.389
83.746
74.222
64.85
55.662
46.688
37.956
29.491
21.318
13.457
5.929
-1.251
-8.068
-14.512
-20.572
-26.243
-31.52
-36.403
-40.893
-44.993
-48.71
-52.05
-55.024
-57.642
-59.919
-61.87
-63.509
-64.855
-65.926
-66.741
-67.319
-67.68
-67.845
-67.834
-67.667
-67.363
-66.942
-66.424
-65.825
-65.166
-64.462
-63.73
-62.987
-62.246
-61.522
-60.827
-60.172
-59.568
-59.024
-58.548
-58.145
-57.822
-57.583
-57.432
-57.369
-57.396
-57.513
-57.719
-58.01
-58.385
-58.839
-59.366
-59.962
-60.62
-61.334
-62.096
-62.901
-63.739
-64.605
-65.489
-66.385
-67.284
-68.179
-69.062
-69.925
-70.761
-71.563
-72.324
-73.038
-73.698
-74.3
-74.838
-75.309
-75.708
-76.031
-76.276
-76.44
-76.523
-76.521
-76.437
-76.268
-76.018
-75.687
-75.278
-74.795
-74.239
-73.617
-72.931
-72.187
-71.389
-70.544
-69.656
-68.732
-67.778
-66.8
-65.806
-64.802
-63.794
-62.79
-61.797
-60.82
-59.867
-58.943
-58.053
-57.205
-56.402
-55.65
-54.954
-54.318
-53.746
-53.242
-52.808
-52.448
-52.163
-51.953
-51.821
-51.765
-51.785
-51.882
-52.052
-52.295
-52.609
-52.991
-53.438
-53.946
-54.511
-55.128
-55.792
-56.497
-57.238
-58.009
-58.802
-59.612
-60.433
-61.258
-62.082
-62.898
-63.7
-64.483
-65.239
-65.965
-66.652
-67.297
-67.892
-68.433
-68.915
-69.335
-69.689
-69.972
-70.181
-70.313
-70.366
-70.338
-70.226
-70.028
-69.743
-69.372
-68.915
-68.373
-67.748
-67.044
-66.263
-65.411
-64.493
-63.513
-62.478
-61.391
-60.259
-59.088
-57.885
-56.657
-55.411
-54.155
-52.9
-51.658
-50.442
-49.263
-48.132
-47.062
-46.064
-45.148
-44.32
-43.586
-42.948
-42.414
-41.99
-41.684
-41.498
-41.435
-41.495
-41.678
-41.983
-42.404
-42.931
-43.548
-44.245
-45.019
-45.876
-46.831
-47.893
-49.059
-50.325
-51.686
-53.132
-54.646
-56.191
-57.709
-59.147
-60.459
-61.61
-62.572
-63.299
-63.733
-63.803
-63.431
-62.566
-61.185
-59.259
-56.778
-53.746
-50.169
-46.138
-41.795
-37.266
-32.699
-28.222
-23.948
-20.102
-16.964
